9461	7716
6105	2609
5884	3244
5520	3184
4664	8549
6219	7465
685	4496
6015	505
1172	7290
4299	4198
3632	377
2184	4469
3103	360
2243	8992
4088	4390
364	7918
5359	6501
1508	771
5997	4438
4984	6315
1277	9128
2749	1808
2147	2119
1412	2803
1527	6626
5011	1400
8078	5320
1299	5080
2996	3175
9188	5880
3114	2261
6268	1268
5803	5023
9290	9266
8852	916
9728	7007
6069	8363
1353	708
5245	1147
2869	3004
2833	1392
8692	3769
5624	4960
4639	5382
3202	991
7126	2591
1308	517
2378	9481
6897	7531
6008	5516
3051	9286
9624	1596
6842	5912
8447	9911
218	2282
6867	747
9796	851
5373	1916
4107	1674
5538	5096
3362	532
9146	7001
8596	1390
8264	7662
3191	5978
8669	5290
5445	5153
6655	810
5678	6019
3116	2105
533	937
4528	5451
4629	1433
1635	9537
6680	3977
8825	9983
8119	1973
6936	9910
4237	9667
4182	5797
6577	2854
3315	9398
1161	9714
4067	5699
9184	3418
8437	3897
1442	3719
7003	6752
1668	2532
2937	7147
6616	5497
2995	7263
9978	5111
4352	2329
5920	8754
2630	3431
7270	5043
4243	6443
1557	7586
529	500
1814	2640
2155	6799
4838	9665
7998	5442
2573	4596
3739	2742
4945	8787
8937	6301
8945	3604
1718	2780
9181	9482
9860	499
6940	1799
8021	3726
9746	6174
5654	8516
152	9179
8882	7746
8226	6224
848	2739
8603	6103
9878	2056
8478	2509
1044	9516
7426	677
9651	209
9164	3940
5067	2656
1077	2449
1191	2321
1184	724
7031	3436
1349	390
4302	3873
6392	4620
4065	1227
391	7657
7098	7083
8031	7303
6603	3580
1028	5236
9198	5081
4119	8765
9308	6756
3403	6582
6270	3676
7235	4059
1426	9185
386	6278
2613	3305
5715	8337
4145	4731
4952	4260
9541	2903
7402	8295
8908	2907
4475	6757
4230	4093
4699	1812
8870	6193
7162	7004
8032	8430
8232	9388
5887	4195
542	5723
9364	2824
8387	8431
6836	3340
8064	6271
3725	11
7384	968
1552	9848
6833	4681
1738	7511
5394	5144
6828	3935
8749	3654
1585	3048
5397	4964
682	4923
9166	8544
4950	5289
9844	2133
520	4041
7785	5531
8793	7187
2695	8016
5974	6240
4631	6038
8494	3326
2269	1643
2991	9464
7265	5247
1250	5748
4178	6844
2069	7400
1431	8627
3033	1385
6388	8469
8991	3331
5351	5551
7575	725
3270	7907
4488	9072
153	1174
2232	3176
6773	7352
237	1986
3442	1490
2999	9079
5342	7841
8449	501
7439	2170
2183	8781
4113	4346
6374	5675
7799	9968
2577	3396
2635	4428
7655	4008
1882	4520
8683	9570
5562	3303
5077	5103
9735	7615
2925	3102
9262	2759
1242	805
2010	3521
1137	5886
3847	1307
7350	1533
6915	8537
8853	6755
1514	5091
5698	4857
175	1408
2856	6565
8406	6730
1627	6239
6293	7451
1290	9170
6010	1485
960	1690
7418	7639
4980	5640
1333	8214
9268	8020
3722	9119
1633	2534
3758	265
4461	4894
5702	8577
3334	1525
4087	6843
8715	1205
3703	3985
9330	6406
7498	2175
8904	7292
5047	229
4105	9271
3625	9131
1265	5087
6256	1127
5296	8655
32	7191
4432	3108
1856	4262
9659	3231
4442	819
6423	2977
7729	8385
1892	2906
8477	2946
8512	4768
8222	4203
182	2879
355	2847
259	1507
8748	2866
5302	8546
9255	4163
9691	7127
7904	1462
2505	5534
8372	380
5361	8086
318	9982
7625	47
245	576
1183	3954
3743	2003
9773	5143
3080	9141
8518	2391
4020	4775
3796	7542
914	7123
3046	6667
1750	6032
6011	6963
417	1870
2474	8717
2233	3065
4526	4109
555	591
141	6064
1466	9555
2060	2314
2042	3132
1279	155
1175	6863
4614	363
5638	9920
8359	9975
5474	5807
9252	3082
9723	235
4516	1056
6598	6063
5853	2902
381	6330
5962	639
2443	7074
6322	4306
3524	6574
8844	2628
160	8957
6928	8703
5850	1118
4874	6653
3606	7524
204	6705
9071	1999
3961	4734
7989	3634
4951	2876
5422	9103
6504	7760
2201	3520
2106	9231
2177	196
6402	2786
8954	2588
188	3812
2767	68
76	4979
1975	8539
525	761
9840	1824
7882	9824
99	127
8394	2580
1948	6517
240	7522
1920	4347
7206	2865
1332	2939
395	2699
3169	4987
7792	7286
7596	5231
9324	4877
3745	2544
803	9334
3447	7164
9626	7214
1062	5443
2394	4315
616	7737
941	5529
720	1059
2151	8554
5653	9563
2079	2062
8287	6117
3945	618
5733	7706
1863	9812
8686	1719
7573	1293
129	2250
4181	538
4061	4649
8401	4483
2222	6194
5061	8731
2099	1873
7380	2638
3937	4727
5992	5812
5341	2188
3125	6805
2195	2734
9200	4188
9543	8470
3979	7242
1366	4413
2633	1005
7644	9956
3500	6781
8320	8489
8301	9608
6808	4251
2723	9017
1647	7378
602	7814
2586	1937
5951	5476
2302	2676
3576	2919
6754	457
8411	2859
6195	4791
9654	2333
8977	9054
121	200
7079	7578
9765	3072
5015	7193
6327	7277
8953	798
1454	6156
1001	3049
1559	9320
2683	6089
1785	4886
1089	4562
7698	9839
920	185
7796	9780
5772	8452
2681	6503
1061	29
8584	6922
847	6305
1316	2944
4338	7913
8000	6633
9884	2007
5168	7888
8029	9216
8380	9038
9672	2678
1802	2294
3777	5374
2473	9514
2338	8575
9013	7466
8976	876
7239	5034
4452	2480
9655	7493
8191	5771
9138	8351
9614	3610
3309	5265
2761	2239
2340	1221
7725	1472
79	2067
9372	2883
3496	3996
2713	9823
8181	6732
9281	7295
264	6452
742	1253
1619	8571
2164	7482
4376	8079
9427	5303
3392	2813
4500	9650
8774	9240
393	5872
597	5072
1819	2928
6340	3967
2367	2680
1721	1121
817	1301
4193	5607
7453	8798
9140	9988
6027	7770
2973	9433
2858	8501
4089	4062
416	1331
9344	1586
4112	439
6675	2157
4836	1269
2341	7324
5558	683
8009	1713
6172	4121
3167	184
9712	2410
6623	2587
6567	358
7862	4440
2568	5560
1464	9678
7930	2796
3138	8751
5608	5199
1558	7337
2530	2889
3456	4797
1287	3433
1168	5553
2929	6993
3011	9363
3510	4331
3624	6206
6465	9913
8121	8384
4478	6361
5763	1371
1456	9713
4441	7999
5902	3052
4477	3113
1108	5919
2186	1041
8224	605
8778	3550
1731	5141
4075	1072
6277	2485
2772	3562
974	2196
4774	2236
6036	6716
3444	5119
496	4929
8149	7260
5438	7864
2074	9039
7663	6817
2846	997
8719	7037
4485	7382
2345	4849
5939	5375
2752	842
5275	3321
5711	1846
8017	8358
8889	4311
9235	2371
3127	592
3529	4724
7752	9929
9105	3106
2478	7779
5256	607
4285	6110
949	6578
1152	736
5665	3620
6985	5387
7256	6862
173	9023
2350	9926
88	6595
1480	9738
8946	4582
8629	4825
3347	14
581	3982
1803	5597
4095	2747
6326	5716
1458	4161
7075	6861
1860	9254
8726	8615
4191	2158
9289	5187
8659	9428
4343	1393
8534	2669
8267	5435
2469	7590
4911	1813
2123	958
2873	8616
1584	2240
178	6112
8173	3824
8828	3570
9666	5406
2255	8228
4977	3752
6696	6957
3387	3913
2637	241
8929	3498
9437	9810
8597	7861
2877	1704
9899	5248
5696	5292
9973	6246
5214	4740
1416	9759
5132	2888
4563	6416
1968	2560
3206	5646
9542	6892
7952	7642
4080	5732
2672	3341
251	8198
2631	4770
8468	5579
6859	8962
3450	4870
6758	9919
6179	8308
8884	2543
1402	4503
31	2103
864	8373
8013	5599
1990	4819
6287	1235
7851	5904
4820	8755
3156	9711
8294	9653
7460	6421
8668	9564
9051	4799
4938	7474
7120	7581
2526	2606
3936	4706
2033	3235
6541	7510
6227	6712
1414	4286
4003	3001
5561	2553
130	1225
3901	7939
1177	9173
46	5038
7044	4156
2524	6688
4568	7672
6726	9280
2822	2421
7637	4247
4079	9576
5683	9154
5328	667
2389	8916
8775	6294
6765	4919
2075	5600
4826	2210
5542	1450
51	7173
7014	6057
8859	7334
1140	3647
4013	6449
9815	1575
2135	3190
6834	2827
6512	4921
2438	970
3343	990
9226	3974
5489	4856
2621	8832
9088	5286
1340	3224
8362	4046
1067	1399
1114	5745
8307	1775
5073	2276
7955	1771
1215	2342
7491	5066
8298	7584
4572	6790
9335	6022
6550	1240
7213	9
2211	5705
3870	2677
6719	70
3572	9559
1374	9733
4358	1970
5875	812
1939	285
886	3193
9064	1317
1746	8737
3599	4261
111	8319
3247	951
7091	2923
5287	7670
6666	7831
6068	3133
2951	2072
9695	4401
5339	7846
5890	151
8250	6364
3271	502
1501	9783
2206	8677
4533	9663
9040	670
678	5085
1702	5826
6493	3378
9350	8416
249	9885
9097	3279
8499	699
7972	5107
2700	5809
5464	1689
7233	7570
1676	9371
7251	4869
8594	8816
2411	3382
5743	6945
1904	619
5571	9931
1370	7519
1610	834
1984	6362
4687	8434
3513	5921
9882	3710
2658	9502
6175	3121
9278	9009
3532	772
6284	5201
7970	2284
6515	5010
6290	40
8676	3383
9117	5228
5750	9980
5972	8905
7345	183
9907	7556
2959	8913
6006	9162
429	2968
4082	1004
1737	1171
7406	4436
9776	9892
6800	3200
5434	6126
9192	6998
3457	6660
1540	1328
1858	918
9432	8409
1978	6812
4641	8072
5634	2013
5831	3135
8641	5719
5752	6645
4750	5840
1474	4936
2693	9532
7876	4303
3008	7394
8520	243
3338	4290
6584	3563
101	8556
1599	5140
2012	8336
9420	2781
3355	189
1991	4542
5903	8289
4369	9261
5811	7979
2440	4330
3582	7185
1285	6460
5016	2149
5700	5816
7015	695
3380	6704
9056	9402
1972	4054
6490	4122
5617	1243
7566	2040
8786	6412
9758	2548
5846	9536
8696	1438
3600	267
4320	6417
5619	9609
1239	4498
2579	1382
5882	1367
1869	5523
6965	4634
2943	5629
5825	2453
606	7593
9093	56
6648	7387
1355	9600
156	5503
5462	2226
956	2005
833	7803
932	1826
4002	6613
537	9159
6972	9238
7705	6571
341	2947
615	2407
6448	2660
9086	3099
1388	3631
22	7143
2335	4415
4458	2679
2880	8695
2470	5844
6816	8925
8238	5258
4937	5260
9059	3071
9986	4875
935	5726
2966	1195
7129	4030
80	929
6952	3050
9325	428
6003	5198
9916	3229
715	9854
999	948
106	5109
8776	9291
4955	8530
3081	8245
3199	2376
5996	4823
2299	5861
4512	2935
9483	262
4423	7469
2270	2542
2516	601
2705	7731
961	8456
3680	2122
4220	5154
4676	9761
756	9670
1298	2108
6736	269
1435	2353
3741	6209
840	2634
1459	6941
1037	8651
1000	5845
3730	2077
727	9032
6569	4756
5192	569
9304	1974
6481	9923
7419	8625
3349	5006
4017	647
2223	6109
4502	6396
6589	3157
8322	7756
2153	7445
1834	7237
7791	9914
2527	5457
5417	4700
2262	6373
4229	1625
5973	758
1966	4792
3295	1891
6997	9125
8605	6422
9517	9734
1639	271
5931	9005
8843	8590
8517	4392
3487	6968
5447	4035
1998	8752
6049	4336
783	1100
2513	1830
2300	8794
4110	9158
8291	5570
6302	1266
9265	4695
9533	6346
8700	4531
2128	214
9595	180
6848	6319
491	4226
5792	8329
7909	6161
5283	7589
5517	3596
8341	1378
6352	4918
4710	6488
7144	3842
4515	953
3350	2537
5065	1101
6999	3980
6078	4745
1747	636
5466	3414
1641	3602
2281	2808
5220	8128
8178	5410
8688	2982
2546	9618
7687	5084
8258	5255
1595	8312
2511	8324
8141	3298
8845	3711
2988	7875
174	2932
142	3029
6160	9872
7579	4558
9060	7381
7062	9565
7948	9187
435	2741
9656	7714
6788	3317
3302	7784
7775	4263
2596	8979
8807	1165
9908	8875
6822	9743
7843	9085
1859	2779
5971	7283
2054	7835
2225	7174
5150	4541
8660	5917
7217	7982
6324	1733
2766	8701
54	4450
8581	7397
9795	7973
551	3686
8766	2508
4861	9313
3353	2897
9070	1476
9362	2694
6196	1134
7421	8116
8898	698
9673	5744
146	4780
8822	2719
1744	5765
2607	5916
857	7616
8028	917
5522	6088
5291	9212
3227	371
7323	6927
6903	7645
3027	2087
4806	9153
2199	8219
6409	1931
5026	9617
5799	5029
7125	3731
239	4335
2447	19
4207	2140
4128	7257
6087	3844
9967	329
7800	820
6051	5575
7194	719
2000	2486
9127	2684
1832	9639
8939	6610
6923	5195
1288	8850
64	5427
7052	885
6349	3140
1170	4647
889	2032
1901	5350
5402	4671
9828	4071
673	6244
7225	212
4278	110
7457	3682
4319	2393
1003	1304
7582	3069
1104	6880
3771	8632
3075	4451
7158	6986
4106	5039
5543	4406
6720	7958
9307	6317
6825	6276
4761	8854
6185	8136
527	7695
1470	9865
5959	9825
6894	7082
661	5411
7665	78
9558	3855
4880	2224
1361	9720
4786	3201
9485	8085
4957	4102
1681	5
2625	3884
1252	4821
9752	2960
2465	8529
5943	8183
8604	9874
2540	9772
3491	6238
4270	2927
5225	9267
5381	5363
2904	5952
7006	7633
7423	3866
2830	7554
855	1211
8835	5778
2315	295
2427	7558
3483	7526
6564	9806
571	7580
6552	557
5851	578
1850	7906
2439	4813
2891	1238
1086	5439
10000	3973
1923	7245
6116	6973
4491	1996
9491	9581
4545	1320
686	9002
3920	3234
8836	7628
3435	9419
4476	169
3863	1881
4514	1406
3301	3336
8495	3144
9083	8876
3465	4986
1182	9513
4985	2166
7481	8586
9531	8360
3651	4318
9467	1791
1874	2228
1138	5468
9057	1640
1656	8027
4623	6351
1283	3031
3000	5327
9453	1588
3704	3220
5602	7727
6918	7188
2784	8302
8691	9202
1129	4794
4066	973
4055	302
3690	6094
1126	9316
8058	901
3972	1536
8399	5243
7957	2795
4387	3463
3208	7960
9163	3981
345	5900
1212	6307
5818	3062
4471	1684
8249	3458
7732	3477
1951	8142
9068	7253
6855	1636
6814	4340
776	984
7749	9966
9732	5897
7212	541
7946	5554
4999	1444
1618	6949
674	9379
7182	650
1477	3149
1943	8423
1909	8286
4396	3327
5022	9731
3882	1757
3242	8622
1538	5994
1889	9560
6806	1683
6869	66
9700	6377
5948	8891
6217	8471
1971	4388
8117	7604
952	3189
7153	5871
3061	6681
2961	1967
9971	7259
850	3180
9887	7183
6990	5546
688	9312
2310	943
3850	5444
9004	9020
6901	9175
5770	2763
4213	6314
4659	2731
6583	6130
4627	6937
8427	213
6668	3765
7115	1921
4379	6028
8995	5707
9279	6169
4651	870
7284	6829
6124	5985
7961	2851
7783	4175
780	5724
621	4817
2330	6590
3709	3729
6914	1864
6787	1197
7656	3857
5317	5280
3268	4158
4544	7361
6673	8403
7024	5827
6942	8664
1274	9809
33	3817
3178	1849
5835	1309
1111	9248
6222	8618
9490	1763
4845	2178
3097	1222
3346	4474
8474	3944
3314	6974
3101	8404
9808	5737
3593	8855
4550	9768
6429	6588
728	8345
8069	748
9245	9845
338	3828
8649	950
4668	5337
6163	6272
6053	9579
8153	7302
5927	7873
8135	266
2617	9523
1348	3803
7617	1040
8579	194
1021	9924
7870	9393
8204	9074
2460	1654
9457	6642
1154	82
3066	2494
6539	8055
9319	8120
9046	9109
1534	671
3763	2490
5681	2267
3767	6585
976	4321
9858	5326
3035	9012
7546	8702
8914	2955
1027	5051
7210	7768
7528	8757
4409	4266
8057	2618
2112	2409
824	1112
5775	1083
4167	7087
2346	2558
4824	1167
3034	4382
5186	9242
9206	7254
707	9724
8613	7564
3689	9264
9167	3233
8637	1231
4779	7555
8049	8444
2028	8197
3738	3437
2829	1893
5425	9275
4374	5343
2115	23
4494	1682
4535	7836
866	3417
4351	3792
5810	9102
2557	3818
8303	4468
6618	7787
6420	2194
3076	8417
4375	438
9227	612
2689	4517
7262	2336
7592	1518
8203	353
2704	1142
6468	5482
5781	3908
8728	7354
26	8177
9411	6041
5796	3860
9478	5670
1346	589
9704	6568
1445	8386
6795	9203
372	5852
471	250
9031	4804
8634	655
7636	5069
2467	9722
6934	9706
7149	8075
5253	6372
2344	2234
8438	276
8486	3449
830	6065
7146	755
6979	6607
8354	3492
3398	9413
6494	9627
55	6792
9410	1728
9685	6450
9107	6967
6860	9890
6886	4852
9361	8997
7515	8130
5710	8182
8218	5131
2691	1556
6369	4384
1897	4967
1223	4228
1788	8453
6410	6557
7822	5541
775	4295
7268	9440
8796	1241
1132	3337
3836	4968
4150	3645
3179	4342
8001	9520
6113	3280
5259	9904
4443	5718
7490	3352
3841	7118
4027	5312
8663	6961
1806	3623
9568	3273
2804	1890
4733	5664
5146	8156
9708	8598
8917	8315
191	4264
7680	6267
723	9630
2097	789
7975	5785
9186	4202
4547	6876
9269	4949
3503	3891
2418	498
1724	7379
4225	6981
4174	6498
7399	846
8879	4832
6547	6701
1701	7594
5118	1739
7440	4218
586	8966
5463	2038
4842	4146
7704	4685
7908	6300
2268	2138
6379	536
6329	6734
568	1697
6604	1768
9172	587
3616	1622
458	5892
6760	1066
1964	8930
2881	5357
7229	6819
6021	3109
5344	8900
7102	347
351	3786
1770	6749
5298	1017
3504	1551
4529	2626
7141	6987
3672	2668
882	6229
2444	2045
6947	1887
7218	7353
3287	9439
1761	8395
4673	4726
1811	2154
2100	5184
1861	4297
5177	149
1597	8644
716	7722
3111	734
9353	6252
6381	1463
743	2325
2104	6472
6084	8621
3375	3928
9646	8801
2001	6404
2430	4049
6743	4722
2814	7028
3054	5147
2517	2884
5655	2455
2101	4353
8270	875
8756	1176
4272	5869
6546	8721
7095	334
1727	1730
1581	203
6576	2872
4860	346
6382	3158
6399	7929
7432	3749
3994	5727
5828	547
2998	2488
1446	8060
5673	623
653	5500
6938	6526
3742	7017
1753	9263
4399	6772
5095	2838
6337	2608
6592	3697
2484	4525
2703	2773
8233	1938
9222	5380
7459	2362
6258	5777
877	5171
8803	8040
860	6077
9028	9957
8656	5746
4417	9311
21	8727
762	7721
2529	7046
4324	9529
3862	6906
1417	2400
9366	4610
3253	3757
1038	6158
6700	7877
8251	5947
3155	934
3269	103
6524	8225
9972	1634
58	604
2176	3482
2316	6045
8025	622
8543	369
9583	5330
3514	3869
1318	9243
1006	7869
6100	3662
8200	6479
5178	8256
5677	5936
8569	7894
5133	8899
3018	6646
7273	9463
7209	3701
5262	7338
2566	9169
9391	4
1941	6580
5980	7956
2422	1148
5239	1496
35	6966
625	1793
8102	3932
3799	2257
2356	3998
6535	580
8956	931
132	4988
5235	2065
5100	4021
7376	7597
5470	2293
8003	3530
4205	7947
656	8370
2852	5622
5078	4930
5609	9452
5370	7964
7110	5413
3922	9087
4863	7897
1851	6810
4834	7476
7780	9800
2037	5949
8827	3906
5295	5725
3544	4149
2242	9895
6401	6043
5467	1394
9143	1606
6896	1695
9194	9953
87	3531
5007	4368
9333	6976
7922	5270
1512	5012
7572	6581
6118	7833
409	2798
5784	8880
9981	2735
2952	9394
6753	8591
5473	9118
1045	8033
5631	6033
8002	9647
1564	8810
5390	1749
1574	2216
4132	9425
9818	403
1439	4995
7832	1244
316	8195
768	9687
4314	4210
8227	7407
7697	2357
5249	7890
6796	4666
8888	8212
7368	2578
2993	9779
5334	9475
1479	461
6775	5862
2751	1796
7040	6411
6165	977
2871	1150
1255	3461
1136	8574
1779	2191
6199	8805
7534	7244
3095	3045
7703	3038
6767	9640
7740	8459
9408	831
5625	4317
6250	3854
6884	9987
135	3073
2711	4812
2280	1389
7417	148
3488	9236
902	1376
9258	4846
8509	6096
2174	9122
4795	3086
5279	8432
9460	2499
7039	7132
1818	6840
102	2118
3671	4661
8583	8922
1652	4948
9817	1497
7988	4510
7431	4227
1650	9856
6226	1582
808	6540
8924	7945
9270	7434
5691	9870
6609	5491
4560	4992
9318	4280
6200	4356
641	6067
2349	2337
3768	8642
3776	8791
722	4636
6176	3778
3316	2238
8213	5371
7448	3534
6162	5145
1583	518
8138	2551
7321	1655
5321	6153
1555	2326
2076	7691
5005	293
3797	3578
3579	4543
8008	4058
6378	6591
1852	8241
3098	2732
1884	7359
7186	778
470	5857
5557	1314
4703	2810
5756	3569
767	7073
3213	7436
766	8104
4216	1705
5806	1034
7934	1475
9636	3539
7271	5436
5102	6955
3194	6405
7308	2964
2518	4897
8113	9740
4725	6387
1410	9390
5958	6368
760	5365
5183	488
3454	7159
9466	5316
1368	7011
5456	5537
8480	5967
9693	327
5583	8971
6980	2533
6092	4456
4232	9645
8536	5945
1792	8820
4908	6924
806	4310
5254	5782
4783	4219
2142	9804
9436	4603
4028	5138
3585	9961
9877	9964
3813	9603
7898	3664
6408	3615
6636	5480
9211	8421
67	8093
3251	3365
246	3814
3297	4753
8070	7794
2497	5749
5050	9616
7553	1546
1321	5196
4275	8321
8118	7971
5237	8175
4690	3472
9863	942
1303	4010
7416	651
8114	8599
34	4867
3774	9488
8784	5576
6495	9578
4593	515
8654	5404
2398	1312
8157	6509
9535	2848
7540	4872
9868	6544
9842	9876
8865	8160
2382	6009
7827	1805
6611	215
3706	7404
3523	6523
1903	5713
16	222
287	2651
7438	7859
5323	1504
226	4524
7355	8911
25	1335
8967	8872
4754	631
9634	1365
4777	3627
8531	7983
4373	299
8006	573
7802	3281
8012	3263
7809	4398
5559	1492
3432	8758
139	2765
672	4790
2837	1579
627	7069
3057	104
1956	797
5830	5076
4934	5415
4837	6248
2792	3486
3715	595
7761	6723
3560	8585
9008	6641
4305	7730
8202	1258
7919	4420
1381	5820
2528	5909
8780	3077
4276	8144
8402	6919
3577	9346
9680	4135
9683	1052
1549	5988
8124	5376
1422	9648
427	2061
9857	9375
9932	1092
4983	5908
6899	5656
8105	739
3714	1007
1420	7896
389	3502
3611	8186
5581	9358
4422	9936
4827	8043
1659	3171
6434	5324
7161	9183
1871	7219
1955	7408
6555	2464
2078	5433
4762	6851
4153	8348
3902	1259
477	2662
2481	4267
1671	5671
809	6090
9762	6525
2667	4022
2675	9195
4567	1341
8661	7560
1489	5120
3618	710
7924	7385
4060	2278
7839	2686
6173	3468
378	3389
8306	6441
3700	6308
8467	7516
443	7905
1407	3735
6579	3553
7034	8587
258	828
9588	7223
3895	613
556	1918
7063	6306
3986	6433
5176	4904
4888	7049
2489	6097
24	9182
8847	7828
4553	5055
7137	1491
6823	2514
7305	2205
1644	7255
3218	8881
596	1958
7629	7318
1356	2306
2844	7823
6203	2861
7232	5021
907	2322
1880	892
1598	9822
5048	696
8760	7422
7571	6644
9763	7606
5659	3307
1048	422
2985	4982
1787	3471
5987	8706
5071	5532
9274	3240
1432	5075
2659	4638
3622	8201
2266	8390
777	3872
5843	4958
4014	5626
4470	4920
1774	2688
3837	7105
297	6954
666	6958
1741	8383
8167	823
1263	8109
5331	5633
6211	8687
3361	8988
179	8633
1566	3877
7601	6738
632	1616
9789	8161
6721	4063
7117	1070
993	2915
9512	7094
7891	3522
3567	406
3887	8593
1281	2552
5432	2253
330	8934
893	4170
6000	3400
2141	6960
7563	4604
9037	2083
4004	1099
548	3666
1468	9774
8168	9577
8440	1709
9010	3085
2870	7390
9065	7804
2217	6742
7412	8572
2487	3134
5621	9285
1047	6202
4743	1213
1200	7837
6125	549
4657	8970
2670	2379
7813	565
4288	9677
7717	7921
764	4235
4716	3933
7051	9165
5333	4322
2283	6939
5094	7728
1686	7067
1164	2806
3013	3626
7111	2285
4721	2230
5240	1716
123	4583
7425	1885
2235	2292
4798	4557
2209	9638
2200	4741
782	5644
5877	6628
1934	6815
7172	922
2139	668
8808	3614
836	3476
8335	114
6953	3300
3958	5982
3505	4580
1693	6625
9891	9709
6933	9126
5032	7433
5170	807
6538	232
7667	2081
5367	4506
2059	1529
2979	9386
8450	2313
8932	7577
6665	6671
1078	3311
5246	7508
4642	924
4172	3221
9652	424
4829	8650
3755	5388
7349	1630
397	6971
7329	2297
9095	3024
9951	8067
981	7506
8420	8709
6	5182
71	9406
2203	7415
8023	1081
2790	8729
9954	5999
394	3087
4176	5859
8813	3691
6390	6020
415	7620
4749	8318
7829	5628
6111	7169
7532	1387
44	8151
609	9176
9889	5616
5004	9662
6386	7551
4363	1323
3129	7648
2405	5891
7175	2954
5001	1844
8098	9819
4033	6996
1473	4612
9292	1949
8943	3110
4656	8910
4843	3528
8878	49
3089	3791
7005	8462
6674	2800
4588	4719
5161	7377
5495	1246
1324	6257
4157	8274
6693	2716
5885	3010
4099	8548
1578	1823
486	1360
2442	9148
3440	7208
8206	5282
5446	7649
3090	289
9547	3598
3006	3783
7984	7458
3359	9237
1019	4255
6708	3727
6442	9287
3252	5502
2574	1959
8304	5755
9912	1169
9027	7358
8400	5564
490	3096
5612	8483
3278	996
5405	6132
513	1854
8110	1561
8159	6332
8004	7301
5682	2755
5045	4405
7545	9696
4339	8824
9526	9298
4246	5008
7932	2263
680	7093
9221	2536
1010	3766
2620	7533
126	6018
2359	5817
1342	765
9669	6137
2130	4277
6427	9421
4421	4692
9492	2556
8857	4587
511	5420
4561	9585
9831	8412
4669	4242
3893	3296
8342	9717
5268	717
7684	9676
1995	7307
5031	8513
5027	2504
7249	4570
7475	8155
1883	3914
7288	8863
6575	1224
6545	9509
1357	6303
4814	3557
9190	4891
8339	7987
6076	3293
7871	5191
9470	8422
2920	1185
3648	787
3323	3203
9939	2167
7538	223
4507	7411
6359	9958
9116	7278
905	7583
1548	3925
8864	2161
7181	5591
582	7849
8734	9099
4115	442
3479	84
774	3559
423	4648
5741	5913
7602	2332
9007	6988
2818	2182
624	5736
5995	2027
1186	1944
6695	2506
6866	6419
3173	9836
3459	3238
3339	418
9048	9106
2303	5086
9530	5149
328	6824
5277	1350
4927	4830
4532	9412
5288	2437
5527	4926
2978	1875
8511	8961
5580	1282
7683	4778
5152	1795
320	3798
8770	9802
3068	6358
1025	2179
1106	4784
7088	4782
3642	163
8053	3964
1421	5833
3078	3154
4439	2463
9915	6827
3894	2639
8405	7444
3889	2218
1569	6789
2911	9207
1662	128
9011	9337
1898	829
3525	6230
4200	906
3217	3360
8714	1751
4683	8782
8262	6477
431	2905
4581	6437
9383	6121
9339	3827
5070	1602
3043	5735
3501	9189
2895	4854
4073	5505
7820	8851
3420	3665
6528	3002
3410	6123
8311	8792
7374	7114
6882	3115
6457	5197
8063	5421
2381	9487
9933	8273
2073	7061
4164	2754
4090	9851
455	5044
459	1428
4074	6251
7969	4231
1804	6154
301	9846
3306	7654
5310	5824
6367	4254
468	4006
4221	5395
4546	7507
7030	1201
3675	7883
5954	5241
1638	786
4818	7312
9090	8698
2129	1248
1051	2737
6414	7447
4881	5578
4190	3112
7274	8454
3292	7346
9426	2595
2974	9793
5587	8193
2495	8712
2622	219
669	5494
1063	3971
926	5180
430	9561
1096	3687
7072	231
5754	4097
5216	9841
4672	1902
6977	2503
2776	6336
4481	598
7203	7309
5338	281
1073	9528
1267	3207
8309	8299
9660	8127
5839	3868
317	691
9450	305
8187	6548
7790	1289
2938	8147
5526	4137
177	3573
6697	1550
1329	6122
5530	681
3962	8281
2893	7375
3455	3358
9199	7156
8488	252
1024	9448
3511	9903
1075	8723
9689	1397
5318	9766
3036	1906
8283	2131
348	2287
9101	8563
1942	849
9259	6296
3091	4360
3546	5097
9589	4748
4554	5814
4953	5786
2515	1562
8897	1815
3640	1046
2256	3587
6691	7743
6134	6902
8199	6489
7180	3670
5730	590
2402	8463
4129	72
1926	3053
5685	5679
8672	8061
9220	9786
2026	77
1836	1617
5567	3942
2113	9675
4034	6692
2088	9469
3519	7816
6478	4430
2146	8279
2624	2963
4341	2192
5124	2831
8589	8689
3660	4393
5910	4431
8044	3506
891	7304
4942	8892
3451	6759
2165	405
4906	1672
3128	4064
7443	8901
225	4994
6232	7177
6875	9121
903	862
5407	2987
6602	9538
7755	1632
7332	8526
9622	4212
3507	6746
3526	413
6074	1645
5747	3148
4043	9152
6650	6283
5128	4606
3445	7738
344	6769
4536	5158
3724	8952
2085	3591
2252	6724
6497	5667
9748	7479
4622	7547
7401	8507
7202	1685
1327	4527
83	4455
1453	6139
2805	3460
795	2615
425	7473
8482	4509
793	7134
2244	8355
1777	1383
3649	6904
8317	3320
4882	3105
206	2198
5834	8209
5024	1568
3518	6984
447	3815
1011	4152
4381	8115
8789	5003
113	6424
7026	1789
7392	8941
7008	6297
7561	2004
7853	5089
7574	7317
6946	4068
8026	4713
3975	9641
2794	9215
5729	8665
9396	69
167	1069
3319	1065
9898	1947
6356	9625
9881	8443
983	2594
2992	2523
5878	6656
5431	6128
9771	845
7925	1993
454	2454
1589	611
4890	3216
1261	4720
4691	1362
7715	5805
6873	6275
6631	4130
1418	6061
6570	9770
4963	7000
9444	9918
928	9707
8365	9871
3211	7486
89	325
1925	8439
8540	3629
8361	1057
5441	8504
91	8730
1188	8176
644	7070
5928	7734
9178	6620
1711	9343
6107	9681
3787	6295
2512	6852
6446	3542
3429	4702
8154	6228
9021	7660
4359	1965
5701	510
75	4566
4490	5222
1997	8896
7966	5426
4868	3558
652	5424
2774	7197
6453	6095
3732	9582
8473	3919
944	8674
7991	3966
1315	8039
8948	9760
2459	1922
6614	1305
7058	8014
5033	4473
8165	2324
6119	2706
5507	3829
9859	5175
8445	3699
7818	1018
8137	1663
6208	1573
6694	2046
2655	478
1280	7855
6784	6865
837	8266
8207	1326
7902	1352
5956	7372
7805	4189
9855	7369
2896	8652
8759	8527
4599	504
8657	3589
8036	85
770	7435
4935	3421
7568	6484
1097	278
8333	7472
7671	3277
9701	2778
8237	4070
3740	4943
7442	8107
5658	43
5647	994
3597	4386
8860	7772
6662	6059
8834	5064
9476	6062
9033	2522
2066	4114
4910	9462
336	939
861	9833
4679	9174
410	9496
7010	1554
9744	506
7953	1786
5448	8811
6672	5879
5492	4765
9574	2492
4895	5888
8492	2111
2181	7567
8840	5795
8194	5221
524	3130
2853	5112
954	3748
1703	4256
4678	9395
9586	61
2799	3354
9315	6129
3219	9217
663	8612
6909	8578
6659	6891
398	9276
3088	7664
115	9251
8293	8112
8907	9741
8056	7759
4045	2364
792	2641
274	8046
6847	4555
8821	6690
2231	9688
2916	1919
4767	230
8426	9336
5481	1237
7238	8608
9567	3407
1373	534
3991	8229
3785	7777
4092	9108
5753	6149
5620	785
6335	2611
279	4802
7280	5635
1877	3533
2399	6762
2941	7763
675	8236
9006	7131
273	7675
6689	6212
4467	721
959	4571
4644	4654
2272	8978
6242	8122
433	6147
2416	1673
4805	1506
6141	4998
9435	9239
1700	4708
8800	4901
277	6432
2397	8557
4052	826
2208	2425
6908	814
4383	5822
6518	9623
5601	9348
1042	8457
1461	7678
3780	657
7745	1878
8485	5990
3517	9049
307	2849
9486	93
95	1915
1115	6436
1272	6261
3162	2043
5965	1954
2144	4626
643	4769
5139	5858
7341	709
9465	1928
6263	8514
5573	5731
4125	207
2339	1425
8974	2168
9272	2370
4899	8257
1946	4698
4928	4871
3260	9739
5536	1580
5208	2120
253	9134
3909	7765
4850	1961
888	6081
9322	481
8795	6510
1437	4902
1665	9441
4505	1173
6717	4199
7266	1637
1203	8506
9525	9365
6520	4085
4816	1214
2702	8812
2910	4523
6313	6383
9196	8906
9080	227
453	2519
1363	8407
1447	3852
8646	4940
7867	5042
2048	1054
9664	4564
7950	5960
5135	7854
3163	9883
9906	5340
41	5535
4345	9562
1093	5584
8054	4549
7464	9984
9380	1669
6312	2666
205	4789
4924	912
1198	1488
5636	3874
5164	6048
1577	7710
6138	2863
5842	5263
9349	4365
3060	4101
7838	4966
1783	3952
9697	9381
5758	7135
2685	4772
3949	3540
9282	863
1896	8566
1179	482
4327	3581
9497	3678
732	8588
6838	8673
5369	5690
8059	484
1247	701
9204	5037
2171	5486
7441	1449
7708	5372
9962	1249
5398	4038
8377	5458
6150	1455
7824	1500
553	8276
3677	5224
3832	1311
2936	2994
8797	3917
5689	3607
3916	8996
1354	9030
2589	2855
927	324
5915	5555
4168	4077
7246	7951
4460	5172
1612	7653
8316	387
9745	7916
8325	1842
9253	5855
9941	5058
5358	2493
2241	1905
6630	5018
5933	1427
6893	4931
2725	8442
9686	6070
8254	5991
4287	8246
1670	4234
8066	872
804	4793
5218	4504
4499	858
2839	4057
4605	4556
356	1629
945	897
162	900
1291	6898
9587	1590
9757	2264
6316	5648
6715	2538
7635	1471
8252	3807
6266	7456
1680	4658
4513	9940
8980	8771
1714	1338
8515	560
5769	7282
5227	4755
3992	6170
2095	6975
1284	2605
2697	9803
4711	5477
4325	2273
7621	9133
3182	6318
2441	1090
1119	1847
1013	9935
3900	7588
2510	8690
7215	3545
7523	3717
5311	5142
8636	3806
8740	3867
9029	9621
6371	7029
7220	2942
4472	1857
309	1687
5386	7264
2390	5774
4728	6657
9347	838
7224	9034
1380	2374
8	3335
4851	3430
3159	9429
1543	7437
3819	635
3527	665
3185	711
6104	2720
2363	2055
8938	1675
8388	9210
7054	1036
8106	5379
5336	969
7391	8645
3856	6115
168	4444
9527	9792
9524	9781
5167	6542
217	4179
5637	9442
3566	6959
5893	3656
971	5360
9026	1130
8595	8680
3381	5512
4459	3898
7128	593
3556	8959
1601	8874
7151	7985
3846	2521
3728	3864
5687	7413
2387	5366
2156	2500
396	1502
2343	6634
5841	2657
8047	6002
4551	7993
7860	4117
9572	3372
8455	7306
1153	6464
5582	5383
4124	1162
2383	5590
9230	2137
5506	9354
3481	2318
6395	6040
6164	3198
5661	441
8831	1219
1929	3107
7089	7903
706	3007
9293	2886
8131	5924
1845	2593
1429	8217
3402	5867
6016	310
6183	1756
1058	7550
9747	465
5399	2636
1781	1110
9418	8448
9047	6684
5104	2748
9749	8139
5122	6654
7078	7236
2785	5261
9730	2860
4204	4435
6280	9963
7980	275
5057	3404
923	8790
5511	3849
9299	9438
7234	5975
9459	8050
7053	5508
9136	1026
8699	1207
913	3655
3209	628
6832	9674
9716	1657
7424	9277
4100	9414
1886	1300
2093	2922
7371	6605
4808	1587
3646	17
1467	8694
6818	4970
7720	731
9114	1313
5761	9879
1264	1430
676	5308
98	4329
7198	8611
6385	7364
5832	2970
1216	2650
4400	1128
1797	3712
4131	5651
1064	383
5354	1151
7677	8772
5632	5090
7887	2604
4281	6735
3371	313
3204	9658
39	7489
9843	401
2576	3851
4487	703
5787	357
2434	5896
8375	1493
4696	654
4036	367
4223	3668
2592	1351
6456	6913
6872	583
5423	2632
4380	3603
5630	3428
5304	4905
7297	5613
6835	3875
6803	9370
211	5364
9736	7373
3364	8491
5074	6877
9548	3446
1141	2945
5680	921
8297	8242
6663	7778
3059	6764
4024	4785
9180	6905
7931	9515
3079	995
57	4707
5392	164
5721	4611
4493	8958
7428	9249
1679	4625
2793	8998
9989	6311
1087	8635
825	4913
5929	3412
8610	4016
3438	7627
3214	6190
3470	1759
6189	9661
6398	9100
8809	6857
6310	2301
3601	3262
9345	7272
5643	1932
8519	8670
6187	9610
5961	4635
1838	737
2709	4840
2554	4621
784	4954
6635	1107
6529	3551
6561	6776
3733	9504
7287	7788
3653	2807
7130	5428
3345	9755
5568	7858
689	8382
8073	4273
3541	4084
9454	8681
9041	1030
1053	2816
8215	7315
2642	5362
1933	7227
7646	159
1486	8826
572	8162
2247	460
2248	6191
646	2461
9798	7340
563	7622
2569	2728
7430	4155
5203	7100
5294	8285
1234	2834
319	7711
4236	4873
8230	6299
5697	7940
7152	7658
1209	1159
9605	7409
1664	7793
7248	5377
1296	2098
198	8617
138	1135
6461	3976
9644	2535
2864	1969
3931	1181
5937	5762
7866	2275
426	1482
8424	8244
8639	4508
2392	6205
4974	523
9449	6664
7618	8367
9979	437
584	5108
5751	5663
4991	8838
7795	6114
8253	6722
7696	6837
1530	8024
4688	311
4018	3160
3047	4378
9787	1160
9213	1483
2034	2652
8235	5605
6282	8220
5706	8429
2571	122
1820	5169
7077	5604
4257	3707
8076	3408
5391	5703
4663	7688
7048	3963
9952	6475
2501	3673
2989	5714
5234	9557
3022	9244
6029	5757
9424	7808
2775	4584
9111	5030
8475	5686
8169	3685
6845	7669
5403	3264
9827	291
8697	6471
9495	9694
690	9556
8248	6334
2385	2462
5760	4803
2782	7136
476	8240
3391	7339
2193	2980
4898	5315
5615	2539
5695	5046
1322	7322
5229	1544
7682	567
8524	752
6249	7167
9052	3284
6237	7591
7504	2433
539	9228
4408	7140
7176	9150
3131	9598
6144	6964
3166	8833
288	7099
2052	4407
4241	8614
2850	1113
9791	702
5035	6537
998	1565
9329	1620
7483	1098
9829	1822
4171	2664
3802	8357
4858	7562
4652	1677
2962	2143
1872	2841
2836	6288
1403	1591
3474	7002
2445	714
1678	4831
117	1653
4579	8435
704	2258
5957	1535
3943	7863
493	4238
5540	366
1541	1547
4344	7300
2483	3795
4684	5914
5136	7386
9813	1297
2384	3165
2107	4773
331	9120
753	7812
228	6476
6566	5800
6868	2894
332	7351
2797	9726
5941	2039
1649	3930
3325	7038
649	2563
1117	108
1740	4682
3508	4912
8010	6587
1692	6463
6365	4484
2567	8806
118	2180
9682	7709
5970	5429
5356	4667
4844	8391
8648	9115
5325	5565
4907	9947
9917	718
7103	8374
8861	9805
3120	1833
2958	6338
4148	2812
2712	9995
744	105
5212	9144
6991	9991
1398	8972
282	3681
7097	5226
5930	4253
3747	3363
7076	6393
5017	3858
8829	4009
8396	5709
8464	4215
9632	1927
6713	5127
2331	7674
6482	9886
1419	6339
9171	8607
1116	9392
6142	9360
4274	7326
1465	1443
4497	5125
6281	7485
6994	3126
8171	7936
4292	3495
6007	813
5098	3225
3989	3373
9522	880
5148	2722
2014	9321
1144	7536
6929	7652
7776	8713
3250	9368
1734	9571
8280	125
9999	9404
1210	894
303	4332
5510	7281
4209	4214
2386	3146
6462	4530
3547	7042
94	1519
2080	6606
992	6506
7383	2417
8902	4140
8849	2472
7027	4569
8724	3443
7261	3911
3638	8600
5490	4126
2127	8561
4616	3439
5798	6711
7723	2764
7199	514
361	9297
9866	8883
8718	3881
2036	1648
2189	9943
8745	2323
662	757
116	6534
9205	5836
3871	9161
5206	2612
2084	176
1484	1369
7080	2740
7285	1831
1217	9657
3737	5969
6594	5414
8750	7981
9566	2565
4976	2274
3938	8868
1837	7603
1008	5779
5181	4693
4592	2086
9552	4601
4265	3467
9214	4244
7021	2365
1571	2237
9015	603
9948	3692
2190	208
2307	9942
8763	4001
8496	1987
7148	8349
6778	7471
4975	7155
561	9309
6101	5918
7207	6536
9938	1825
3811	4787
8369	6151
5740	3379
2724	1377
7068	1105
7844	5335
9225	4665
3245	4607
3274	7701
1022	687
8065	1962
2351	5297
2148	626
9229	9077
7630	5496
7414	2446
6733	5652
1604	5314
4486	6099
1120	5301
5079	3693
1545	5944
8328	7764
895	5588
9356	4771
3118	6632
975	6801
3329	5989
700	8327
608	8087
9331	940
1358	5547
8744	3493
8747	5998
97	5137
5813	4608
3808	1794
4194	5524
216	5906
412	8842
8773	2744
7825	407
7201	7241
7497	8753
5013	2924
5788	1002
6221	4258
3536	751
2969	7047
6533	308
6962	6676
769	6233
9901	5849
4660	7798
4312	1049
3800	909
2692	5639
5521	7222
2934	3886
6235	6223
4896	8560
1124	8564
8580	440
5025	1691
2094	3633
136	3139
3348	8269
1848	3212
5166	9729
8909	2750
7600	5313
972	4717
2820	6870
9208	5766
7535	7640
8133	3635
444	9591
9869	2559
6259	1935
6854	6651
5946	2202
2408	52
6747	3304
9389	1696
4211	7057
448	9246
6553	2298
871	4269
1646	147
3021	2564
5151	48
1511	2817
3230	6458
2627	1254
1294	7319
1131	2701
7840	8927
2404	9387
7569	3705
5488	8638
8705	6930
3177	4723
3122	1888
3912	9498
4197	7267
4026	9830
2918	4909
2721	2308
109	2648
9690	479
4617	4047
5278	5889
2471	9628
7344	9710
3124	7192
8099	5121
4139	6768
577	1613
6782	2068
4759	9130
5863	1436
4040	7178
4282	7974
5019	2412
1914	1149
3290	4540
8685	5401
7641	8389
9479	4104
9177	1032
7342	4884
9599	8841
7766	3617
5585	5860
202	6841
7462	3696
550	193
773	7247
6783	9506
9305	5106
2373	4737
4538	9544
4495	247
2482	6166
4419	8936
9382	6677
4454	4828
5596	4893
6146	5238
4217	3876
3761	7398
8602	451
3397	6439
6213	9082
2549	9092
8094	9925
9359	2874
6935	745
4810	7632
2023	7142
4600	8846
9168	6916
7767	6082
3839	414
7018	37
2415	7113
1900	802
2707	6473
1384	8103
143	5123
6375	5742
9692	8019
1963	5267
12	7121
3594	4249
1720	8134
827	9992
7477	9684
1908	5110
3658	3259
4613	6737
6136	4885
3762	8080
7139	294
6617	2714
3760	8886
5739	4402
2984	8344
1085	13
5938	1894
9620	3853
5276	2435
6777	1102
8129	7036
6729	9998
7917	749
6400	5450
6384	8942
8707	9742
8292	1953
9443	6079
5217	8265
2419	3565
1306	9974
400	8275
6926	1945
9326	746
1780	8716
1074	3613
3825	8985
6508	5250
3921	9338
599	7086
1766	9580
9123	6431
8340	3342
2163	2058
5471	9534
6180	7327
5173	6186
9423	7912
7741	5563
8814	9455
73	6389
7659	6912
4586	3861
5614	1145
7666	1855
7517	4591
1434	2756
7954	4847
8508	4271
5345	2496
7310	1192
729	4680
8817	5533
3289	3330
3885	472
5213	2
2819	7293
7935	1039
5712	349
6813	5020
2682	2727
6247	5976
9750	8973
8090	2057
9310	8268
6710	9078
3285	6366
5059	350
1829	980
8935	6262
7025	8628
1084	9820
4403	6599
5266	3275
4675	3509
4005	9063
3497	263
4284	8643
2599	3915
5155	545
5322	5539
2550	6820
904	5475
4429	6234
4752	4595
6740	9156
312	4252
4348	7347
7043	2277
6058	3956
2629	7995
9250	9094
1532	4141
4590	5603
9096	6397
4712	3161
489	2791
4159	2555
1343	7165
2457	6982
1853	7066
8428	2738
2835	4044
3023	9821
6098	4997
6031	3953
2121	7819
4433	4308
5041	9073
449	7045
3044	8179
8088	4143
1895	7928
7845	2160
9193	2352
3583	1401
642	3970
4705	1337
8558	4578
1801	4259
6155	979
1441	3025
5847	2125
1009	3249
7681	3918
1868	3313
2288	8378
9569	339
9643	4989
370	8746
8533	8764
494	6197
9602	9069
6455	3366
4309	7195
508	3039
7145	9397
100	5185
3205	9098
1553	7154
853	7362
5514	4349
1448	7106
7502	1163
8568	6846
9218	7016
6108	1
3019	8777
6135	2049
9241	7138
1537	3425
3516	5115
1843	8184
5911	8950
7189	9807
1364	5829
6643	3997
8260	6921
9545	3390
3237	7962
4201	3543
3584	3294
6171	6024
7463	4098
705	6407
5062	3904
1292	763
684	9539
2145	588
2718	1772
7552	6600
6459	6148
6188	6881
796	7949
6376	3822
8559	8397
9135	6931
5347	6286
234	2006
9601	1276
5063	9784
9378	6426
8710	3324
8035	6629
5802	3310
8993	5157
3056	8553
6216	526
8542	8819
7612	2212
6883	8620
1076	9896
4862	2031
3848	8666
2413	4116
3094	5593
1310	1865
854	8738
8887	2295
6034	5223
9671	9785
1080	839
3145	6698
272	3764
7676	4646
1790	7449
1866	8223
2388	6030
2358	8433
154	5968
8408	7122
3590	5200
5963	1526
6532	4993
8969	1745
2109	6608
8083	5130
3772	910
4729	3892
816	3394
2901	2047
9407	4811
9584	2590
600	5925
6292	7624
434	5498
2878	9024
8767	1286
9990	879
4239	8414
2643	908
648	8671
1628	9607
7150	7626
7446	1907
2448	8735
9613	1560
6184	6640
2025	4855
887	6741
4965	8869
6344	9155
4573	8502
4492	8278
9553	2114
617	463
8933	1723
2976	4618
7751	5552
7289	1199
4916	3880
6744	9698
8208	3781
3424	6323
9635	7857
5190	4738
516	8532
2423	6444
4689	9219
1260	2867
4337	9900
2215	5856
8140	5606
5082	112
8742	9342
5518	3276
8762	6624
3948	5804
7389	7881
18	1531
4032	7250
6948	1985
374	4354
2890	9521
5759	985
8856	3999
5068	6075
8484	6060
5056	7166
3040	74
522	2070
1660	3333
7492	9508
2375	4522
8895	4662
7019	9058
754	1867
7160	6791
7269	2102
4915	2289
4900	1624
9306	7933
3401	6363
9113	3084
3910	2219
6333	7294
4268	9949
5499	379
8623	9480
6072	6159
7847	1976
5767	6279
8476	1404
8231	6486
638	6047
3215	640
2868	7834
166	5478
244	5642
7085	779
3	283
2187	2909
2348	1817
6198	1325
6622	3661
157	2311
6215	1603
3266	1698
8150	6331
5469	8101
5368	9473
6849	5485
9373	495
6470	2644
1614	507
6309	7811
1524	1233
3478	6254
2603	8451
6797	2671
399	4956
2610	8255
6839	53
7059	6739
9303	8523
4313	4370
3630	5244
2840	3152
6480	585
3667	3426
7810	6438
4250	7850
8867	5623
4072	7157
2064	3257
2600	9332
1189	4565
9826	3104
373	368
1760	865
3746	6794
7910	1778
7357	868
5202	9328
3041	6360
8903	2029
5722	3172
5574	4876
8095	7848
8999	4183
1605	3736
8498	5983
9223	7726
2646	1139
7889	7739
982	1710
3959	7856
261	8084
161	8528
6989	9888
7587	8211
8931	322
7900	3805
3716	8126
7986	4961
4883	1226
3042	4108
4086	4807
4914	8350
3181	9232
4081	633
6152	7299
9864	3291
5113	3941
6483	3070
1094	7196
6887	2768
2117	8815
6702	1230
7736	3588
898	8541
6780	2254
3369	4959
7179	6682
1707	1576
9573	2458
7060	8920
7559	4760
2815	2361
9050	326
27	9849
6637	3905
3899	7512
6055	9955
8858	4653
5789	9775
236	9934
8837	1773
4248	3374
6347	2525
2296	5449
7724	7410
8720	692
5453	382
6168	3170
9043	4127
6285	3223
7124	2246
8704	7651
6430	1807
7064	1706
4240	4521
3419	4887
3515	3968
9385	2674
6265	6467
6951	9352
4889	2926
8145	4735
3142	4042
2018	5389
1202	3423
8693	7276
7978	304
6615	3718
9606	659
408	5126
6391	7692
5905	3896
4624	2221
5211	1609
1539	3283
1509	1513
2110	5734
3009	6469
4323	5257
5874	5329
3793	4394
5672	5162
7258	3399
3744	8418
7525	9550
2821	7611
5509	540
5519	8041
5692	6745
9451	8100
9284	1572
6888	4053
6052	6342
8146	466
4686	7420
7243	342
9937	2260
8885	867
9960	3058
5461	2450
811	1876
4169	1688
4781	9151
5977	8277
2044	2882
821	9471
531	4147
2286	4878
5704	8503
4162	7530
8525	2967
679	852
6496	473
6779	7336
2468	5618
5966	2601
6530	9142
7994	8210
8947	133
3030	6943
6549	1910
620	5440
4577	3015
5783	3903
2432	1592
7614	8163
8048	9091
1413	6669
9019	1715
384	3067
3312	6910
210	9946
5694	2134
8310	9518
7807	6890
2414	4177
4489	3554
6885	8007
7467	9619
7892	1743
7071	1319
3679	7758
388	987
6269	5009
3083	566
1060	6357
7623	7884
6709	7221
8658	7610
8926	3356
4609	9725
1469	172
9209	3318
5101	7990
4011	5479
3838	1109
1726	3385
9959	1122
6639	7521
3951	5252
8132	8675
3480	4091
2436	8521
1125	2783
741	4103
9649	9149
7365	4206
6348	2547
9484	10
1424	7168
6046	7325
4730	5416
8552	1983
9993	8994
8983	3564
4083	6218
2983	6220
1522	284
9403	8960
8684	7056
1020	8562
1994	535
9719	6507
7514	1735
1262	9288
5487	3188
2347	5837
6647	9076
3164	9594
1302	6638
6505	1621
4922	2011
5179	1236
5821	337
36	5483
1515	1800
150	65
8923	7205
2328	4903
1251	4424
4425	4482
7367	5163
5307	3907
1729	8174
1924	86
4655	3226
1699	1626
4645	497
9145	4291
8381	3415
292	6013
3147	7842
7494	4766
7712	4395
5801	2665
2545	2887
7527	8799
4597	9067
4165	6911
8323	1386
5898	6354
554	1270
6073	9416
7702	4704
1079	5864
9400	5964
7923	4357
2019	1988
9850	9323
9260	6573
2986	1717
2479	7092
3621	7107
5549	6440
8711	8647
9637	4300
7370	8371
2892	2746
158	9201
4426	7744
3434	2900
365	2913
4298	9283
3228	6066
3308	4015
6718	5894
5188	5641
8609	9357
8011	5452
5595	832
9788	8436
3823	6621
3561	5657
1193	6895
3723	2811
9633	883
7468	1220
9756	1608
2082	5348
38	3789
4446	5953
201	6563
5230	6798
4366	1960
6001	7170
8535	7769
4120	801
8164	9417
3734	8538
7747	2933
4764	5129
6201	7090
9996	1981
4594	9014
7895	2096
9867	4941
6177	9985
9036	6956
3261	9257
4056	5773
9549	6447
7631	9458
9477	9374
4160	5528
5627	5688
3357	6995
552	1913
4715	4632
6102	6403
3416	4367
450	3955
4732	4464
1405	5823
2477	4410
1736	3702
2953	3055
4233	8332
6451	9790
7965	8261
4552	4865
8205	1452
5883	6707
6521	8398
7879	1936
2090	8818
8940	5028
7455	9474
2809	5393
1510	5092
822	8005
3037	6415
9191	8413
9902	5515
2126	260
9456	9062
5460	2071
2531	4973
2561	3835
9928	6562
8619	8555
6086	7773
7539	693
8783	6627
1050	5355
9061	9018
6320	5349
1178	1123
3485	9631
5525	3453
7638	8522
1157	4007
5353	7298
4447	9611
2020	5378
3652	432
1594	3965
5548	7356
5815	5493
9835	6925
2572	869
8192	5285
7033	6771
6035	3574
4879	7598
6661	4518
4186	4412
3153	7700
4000	5501
6830	8839
296	8890
4996	7548
5932	9970
4674	8092
2717	7543
6167	7216
4537	1879
8296	3987
6560	5662
925	9124
6511	9540
8263	9415
3883	7395
4389	8393
469	7513
6969	1798
2451	8216
3888	859
2214	5556
6500	6325
6761	4480
3136	3790
140	9000
4709	9500
6425	3123
9247	362
1957	9668
4123	7333
4418	8708
4023	5396
8989	9927
2150	9551
2619	9590
7363	3413
7733	7576
965	9965
6900	3473
5205	5054
4619	5156
1542	2452
9384	4758
9894	2582
3592	915
4294	2950
7429	9699
3548	7403
3388	8570
4574	2842
8990	5650
1758	2213
1166	6658
3494	7020
3386	1666
3427	660
6586	248
6728	1755
4031	3549
9592	8392
818	300
1091	4411
8148	2091
3770	7495
7452	1505
7968	3809
5233	3265
3499	5052
8305	4962
6751	2173
107	3934
2690	8912
8243	5594
1275	1782
421	2745
6807	9950
7668	8606
1330	9446
6970	1415
5412	8626
6343	1742
7509	3093
6042	6679
3924	3698
6214	6917
957	2368
9977	8037
3639	2698
2931	7314
3322	8196
9104	4892
9797	6225
4864	5134
5870	5419
340	4815
2259	6686
4744	9489
5873	5430
480	3032
3377	1712
45	6649
119	131
873	5251
8108	8338
1208	5666
7679	3239
7685	1481
9044	6831
7748	570
1722	963
2614	3773
5674	2956
2583	3605
8410	2312
5865	7786
6774	4511
170	3782
4585	7013
8071	3695
986	5083
3794	4078
8505	6531
1016	8190
224	419
3684	1651
3821	6012
3332	3466
4946	7613
9909	3845
8768	1827
2050	5400
4289	4134
978	7023
1082	7782
5117	1498
335	4848
7595	2597
6345	2360
6255	1095
9575	2475
8804	4133
2843	7707
9944	9468
3669	790
3595	5848
3754	5907
6487	3708
8592	509
5053	1521
3197	8461
7518	6853
5346	8353
1899	462
3628	5274
2016	7915
750	15
9769	9510
9003	791
2320	28
8576	3657
9445	8272
3535	546
3859	7963
8761	2981
2715	7544
6678	7
9089	5293
7753	5271
4981	794
3538	7279
8662	4037
233	2875
63	3988
7750	6514
5385	6858
726	7647
1930	2428
1229	4192
4025	7868
4859	9834
694	3299
2291	3174
3688	3406
7330	2787
896	6014
7914	5708
2520	9233
20	7899
8081	4142
4751	3395
8188	3196
8921	6703
1615	5660
1033	5794
5545	6492
521	1748
3344	3650
8376	4279
3788	2116
2541	8472
5036	1156
1379	6093
2562	7686
6596	3282
6907	6178
4144	1133
7754	4501
411	8779
7204	1503
483	3575
2169	7470
9084	2369
5209	6499
7789	8330
6353	9035
7478	8271
947	559
5940	8419
8640	4466
9801	197
1570	9129
5577	7480
1828	9327
2971	5923
6871	3411
9751	9794
343	9341
7781	1029
835	3659
2207	464
9862	9399
8326	8290
930	2476
1409	8982
242	2366
543	8567
5418	1810
5979	9702
9737	7901
3830	2372
3328	8282
4224	3210
3537	7690
8802	4643
3608	8871
4019	936
574	3232
9317	195
1567	1345
2204	9369
1487	4742
6418	165
2949	3694
7634	6612
8259	6992
3801	268
9499	4465
8968	4362
3784	306
8466	3923
6245	5986
9081	7035
6025	8247
6454	2990
7607	7022
6706	7797
3469	2917
8346	8034
9273	6054
7487	8313
9875	5838
1012	199
7171	3150
6766	878
7821	1821
3141	6619
8096	629
6341	9075
2265	844
3016	1776
6039	1769
3619	3020
1232	1992
5219	1732
9847	2570
7200	4173
5676	4094
7815	8987
9053	3753
9921	8015
5610	4350
4404	759
4694	9945
3484	1278
1980	6785
3254	9022
9367	658
8185	1460
4990	4397
1917	3759
1623	5808
9434	6714
1451	3003
5014	7503
7886	6864
3183	4969
4944	9852
5194	3351
4801	8894
4637	2089
2491	1499
2498	9016
8551	7393
5384	6554
3950	890
4326	8189
8877	6786
4640	1765
1273	9160
1989	5114
436	2420
7366	3248
3117	2997
7190	9969
7927	2456
7774	5165
6253	530
8479	4222
5504	446
1563	3255
1143	2220
3092	3641
6291	6978
2185	124
2788	2431
713	7032
2653	298
7885	5040
4355	402
5819	9301
2730	7694
8152	2930
9295	5728
7941	1146
5472	3368
1336	6050
9767	5866
9811	3890
4519	7096
4136	5269
7252	9519
2762	220
3475	6513
5116	4463
8682	6120
8379	2832
738	2319
9721	3834
9994	8963
8352	1372
4763	1194
323	2354
8460	3241
2696	9501
1295	6750
3409	4118
7328	7055
9472	2009
6491	3137
2975	964
2649	933
3775	270
4932	8601
5649	2132
4839	5586
4822	3995
8458	7484
2647	60
1839	314
3286	3636
3490	664
8722	1952
1068	4048
2507	1977
9861	404
8951	5159
3384	9777
8893	6466
8741	9066
3393	7231
7699	4437
8490	6350
4589	1440
6920	6435
1245	3826
2022	6380
352	2063
7911	712
1725	9814
5901	6133
1982	1816
8068	4307
2305	815
2801	1228
9546	8949
6026	7605
221	2687
1767	2380
2279	9853
6856	4427
3272	6809
2645	9505
1334	2828
9494	9893
2899	5776
4301	5484
5000	3143
7992	7673
5099	8051
4739	42
4050	7880
7311	1911
4628	6413
8018	7967
800	1762
4841	4414
9025	6004
3831	9782
9837	1840
8074	9493
8415	1950
1423	8510
6023	911
1187	8042
5281	2035
3947	257
8984	9422
9224	6597
3960	7959
2826	1784
788	144
4576	6944
3720	7133
7541	9055
6572	9001
1023	3969
4208	8300
634	9112
2395	7211
7943	899
1155	255
6770	190
8180	9596
5207	8725
5738	315
6522	2136
9629	3927
1661	735
3552	6826
5566	5934
5273	5306
610	30
2708	5002
2227	8170
392	7801
9507	2845
5935	8172
6091	8624
3012	3674
6289	487
7872	6879
2940	4462
7977	4316
2965	2736
7184	1180
2030	3840
7689	5950
3609	7735
452	4180
5876	4154
8239	919
92	3663
5955	1841
6485	8739
1754	475
8334	4718
841	2581
6601	3405
7488	1055
4972	2602
740	4283
1103	8573
6670	8368
2921	2053
7505	1339
7405	1478
8928	256
6748	1611
4615	4245
6394	6143
3586	9703
7041	7343
4714	50
8158	2616
3168	9880
3756	6274
6802	4559
9401	186
5408	7920
9838	4187
6181	9718
7454	3804
7609	6005
8347	8288
8481	9137
7762	9897
6932	7501
1457	7119
420	2957
1752	3192
8123	7650
8052	5215
6056	3721
4796	9679
3462	5242
8918	7450
2309	2426
4677	1218
6328	9234
2466	7496
544	4479
5868	4361
5717	375
2623	4138
456	3983
7101	1190
4416	1015
9376	6558
4736	6207
7499	6687
6516	1196
1708	3064
2857	3879
3713	4069
4333	1607
6559	6428
8038	7316
2753	8125
7396	6298
354	2862
4449	7296
1256	7461
6264	3017
7104	5105
2908	9503
5160	1809
2743	503
8630	2008
8547	8234
4833	4939
9377	9431
145	7713
286	5895
7549	7817
5272	4697
7643	8030
4917	5544
9147	7529
2757	62
1257	2914
3243	7996
3014	2403
575	4630
1347	6204
3637	3750
7976	1600
9612	5352
7313	6551
3370	3187
7718	3288
9139	4385
9511	4575
5305	2972
1411	3644
9727	385
3026	7938
3186	2002
2654	1912
1516	321
7806	5459
4445	238
8964	6593
1206	4076
730	3990
5981	5284
2021	5598
9110	7226
7065	7926
7830	5204
7084	5572
5088	5926
3448	5454
9294	7360
3810	6889
645	697
938	5645
81	6106
8166	7388
3422	2377
5984	9753
8077	989
9705	9355
3939	2017
9351	7108
2406	2290
5309	7500
6543	7335
3683	5513
9340	5093
1035	6071
5300	3376
5684	5193
6321	2733
90	8356
2760	6763
4548	1940
4296	4372
3946	192
6157	4978
5550	799
254	884
2585	3816
6140	4293
9256	6983
7012	7661
6811	2789
733	2429
7852	1631
9778	8944
7585	3512
8679	4448
9593	7757
4835	4364
2424	5993
5332	9045
8631	3489
2802	3441
8062	3820
5693	6304
594	1014
4925	4166
6727	1517
333	1494
5942	2898
187	614
5899	8975
9873	2770
5319	3555
3957	5780
1088	1979
1031	6804
2502	7348
8965	4539
637	5720
8364	3926
3878	7619
6850	955
5189	6273
6231	8446
6145	4746
3993	3643
512	6821
8565	2396
1593	2327
4434	8545
6950	3464
1642	7599
2777	4012
6793	2912
2401	3028
6527	5232
1375	9405
4800	3833
7109	2823
3005	6037
2159	4039
3063	6131
1359	2092
7565	8582
5264	2758
9976	8955
3195	874
7878	171
8732	6192
280	1158
7291	856
8314	9816
528	5299
7997	1495
8097	781
6699	1667
1204	1271
5589	474
6260	2041
4051	5455
9447	2575
2771	2825
564	8848
2673	6182
4196	966
1694	8497
562	6519
8221	2885
2051	8653
9409	8284
967	8785
5592	7050
9754	4457
8091	2172
8736	9922
4947	4971
7116	8111
4304	4809
7942	3222
962	7719
5437	7112
5210	8022
2304	881
3246	5569
8487	3843
5768	2355
7520	2334
2769	6445
120	4453
2152	8915
9197	5174
9042	6210
4391	2271
8425	8550
4853	9296
2584	4534
7427	4757
2245	9430
2710	3074
6556	8862
7537	7608
946	7240
2663	5790
134	3571
4776	4096
4670	1395
1520	7163
9554	7742
7874	5060
2317	6355
5611	9997
8441	3367
2948	9615
2024	1528
6725	2598
6731	988
6474	8343
4185	4788
290	6683
3258	6874
59	3978
2729	7331
2197	2726
7009	6370
359	3612
8089	7937
3256	6127
9597	8830
4184	4866
3267	3568
4111	3929
6878	137
6236	6685
5881	7826
7557	9715
9799	630
9302	8045
8981	4747
1523	3751
9300	6085
8788	8986
2249	9314
1391	3984
3236	4151
4328	5793
8667	8866
1071	5465
843	9132
8465	492
9905	6502
7693	7230
181	2661
4371	9930
7228	4650
5791	8493
1835	579
7944	467
3151	4701
8366	2229
6243	5668
8143	6080
96	9604
1862	6044
4598	8733
5764	7893
5854	8919
6017	1344
8769	2124
8331	6241
3119	519
5049	3865
1043	9157
376	4933
8678	558
8873	445
5669	7771
6083	6652
3100	9642
9764	2251
4377	7320
4029	8500
9832	1396
1658	4633
5409	3779
8082	7081
7865	8743
2015	1764
7275	8823
5922	4602
2162	4334
485	3452