9538	9569
2790	8840
9462	8587
3391	9632
5125	6628
4109	8762
5549	6558
9251	5333
9082	4344
8071	428
3326	4219
930	8856
310	5940
1625	465
6078	1470
8004	6615
246	2372
307	6174
5525	7934
3111	6988
5213	7248
9780	9904
354	9996
4218	3488
466	6904
57	8279
3713	961
9310	5767
7599	5992
3900	1848
1667	7134
7670	496
9273	9065
9565	8518
5224	4969
650	1363
3297	3409
2998	3886
85	5028
2447	4705
35	3354
3052	5455
3459	6577
6631	7952
2917	2954
8081	1597
8523	9970
1738	2124
5636	1303
1879	5466
1902	5686
3595	65
3579	514
5958	6618
1253	9840
274	1502
7601	7489
7700	6908
3739	916
928	9832
6957	9213
2405	8623
7866	3864
2466	4702
5792	3569
2316	6423
3876	2933
7297	2106
7685	4822
1324	1900
6491	1971
4201	9033
1919	934
591	8708
1408	8538
5578	7781
9458	4820
5911	3229
9268	8681
325	9055
9405	9158
7799	9662
7652	4451
8343	9167
3344	1405
6236	7340
1316	3856
1748	6565
756	4286
9490	269
734	3520
689	2810
4035	4178
3541	5163
1314	3827
8955	6910
5524	3458
5867	2786
8802	7258
7513	9924
7244	5138
905	3681
9166	7962
9359	1616
8849	7878
4101	7146
1189	1074
9032	8772
6345	858
2569	5769
4599	8674
5962	6932
6165	1988
5035	3837
3582	5261
7644	5967
6016	8755
1493	2639
4555	8282
9228	8516
8692	2093
5873	1063
715	5394
9507	5777
3152	5482
7380	2736
1530	2643
8658	297
3768	6463
4181	5688
7560	7707
9235	4617
4566	9999
9678	203
235	7497
9286	3468
1656	1212
200	5692
5004	3265
8775	7222
9906	6882
3033	8942
5577	6590
3474	6827
7888	3150
8197	4806
553	947
576	6834
6403	2650
7904	6413
4943	2993
945	3435
5217	7455
3609	8217
2973	3703
9609	985
2523	4685
2038	58
9718	9177
444	4391
9171	5129
437	7296
2816	8575
5108	2878
9398	7944
2072	73
9415	1671
4857	8442
7072	3178
3896	9164
7668	9866
3510	8409
6195	1429
6057	656
563	2203
7494	5127
7384	447
5469	5385
9722	9625
9525	2918
5159	2220
1340	8183
4135	7178
6881	2019
6873	4886
8757	4619
5628	9480
3431	8550
8381	2809
7285	7754
1209	6670
1546	5495
9680	4277
940	969
600	8302
9131	8727
4283	6505
5397	3576
2424	6448
6135	9926
505	9800
5257	4224
2396	4380
2581	7998
5620	5699
2045	9481
4701	9098
3388	3010
1452	8389
1661	3142
9002	5160
3043	7856
8207	411
9255	9483
9193	5005
8620	8175
409	3280
3532	4067
7642	5500
6771	1088
7873	2070
1319	242
8815	6660
9815	3752
9593	6997
8456	1705
1905	248
1381	8908
5945	2095
4125	3254
5401	3420
3503	7647
9094	701
828	4770
857	5382
333	7846
8698	4236
3205	5922
9781	4273
5545	8885
9491	8061
2503	8208
4216	9594
4421	817
9141	5738
2105	6449
1967	226
4193	4353
2435	8100
3764	475
7687	4802
8636	9943
1924	2811
6219	1941
1494	2212
4276	5863
725	2263
6886	4448
6031	416
1170	8246
4389	9494
1860	574
7472	8695
3877	850
622	8841
3921	5464
7289	2143
443	4338
6415	1311
3534	8036
6223	8353
270	3253
8446	1970
4896	4537
9835	7417
4944	604
3657	5470
1480	2630
2636	4158
6047	7361
2711	7422
803	5346
9798	2138
8825	9311
6562	3220
5404	3242
9775	6427
6833	5661
8185	2782
8034	7950
7693	3939
3252	29
2642	2264
8093	7505
4495	2463
906	1228
9799	2351
5750	5094
4278	6731
776	6789
6586	1602
7238	8017
8906	3310
4551	9548
770	4061
5606	5844
4905	4222
5050	4064
3380	3862
1086	6867
648	8451
2988	609
6481	7155
9791	7737
1536	1605
1679	7405
5375	3561
86	4113
6428	1647
3932	9283
6937	5840
8428	3853
3405	2743
6659	1564
7391	7564
1446	6764
7973	5105
3116	2908
3071	2255
6536	5960
7606	4794
1854	8445
170	6145
4364	4725
6480	3533
9500	9952
3389	8244
923	9992
5986	4385
5218	3700
4981	3129
3632	7929
7501	7377
5982	5784
4441	7946
5948	550
2580	1518
250	3248
8786	2945
9974	4255
6741	7301
113	2234
2910	2248
4173	1732
1268	6696
5146	4290
6639	5406
917	562
3452	989
3672	4824
8673	1918
8509	2096
7660	5457
3602	4699
5056	596
8923	8312
2808	4953
8530	7448
2012	8659
5678	2797
2648	6738
9826	8241
7432	7876
1057	9388
6874	5111
2893	809
9457	4978
8829	4577
8730	9401
64	2821
1079	5968
3139	2201
1519	5997
7327	9724
9346	6155
6409	7797
7804	8778
7283	7650
6587	811
3833	6083
9581	9846
8300	9806
6348	7803
8675	1374
9438	8707
3691	8297
4744	4515
3651	374
4645	2920
7016	1196
684	9385
8262	6025
5646	1039
2157	5092
8311	9418
227	4834
1342	1958
5675	7510
9960	4079
7810	8114
8018	335
3668	5701
2583	4425
1333	8990
5222	4086
8721	569
5230	54
4110	7018
62	4341
7242	1857
451	8497
4573	6098
927	9406
2173	2834
2536	4239
661	9492
9323	6479
3090	2870
9666	8191
6945	7078
4533	1067
7423	2512
5827	1800
5707	346
2552	1148
2923	9011
2123	1521
9643	592
774	1645
9021	9343
2148	5192
4347	5318
8228	7643
7524	5546
3342	1614
8615	5566
9804	1257
9739	5711
2958	3115
3767	6363
9783	6194
3858	2705
8569	9161
8245	7756
7698	1249
2799	6893
4977	7239
174	6369
1207	8596
6167	9105
1407	1233
6094	2792
2709	9137
8465	5142
6866	8485
491	3076
2863	7954
590	6571
2206	5583
9374	2032
3296	7209
534	2245
1021	9867
1059	9025
1562	6720
3881	6289
8769	5836
8776	7162
5652	3690
3286	3436
6393	4711
1803	5040
5178	4674
9430	3516
3903	538
3791	4921
6439	767
6681	8726
3868	9306
9868	9386
1206	9895
7838	1234
490	7164
468	5441
5453	4659
778	1533
2010	4296
1118	213
5374	2210
7466	9726
1226	3415
1287	5638
1002	2517
3774	5187
6360	7576
2177	780
1334	3319
8935	6711
2290	5608
1979	7722
2475	4779
8916	3335
7469	2426
8295	9556
6451	4248
2054	9703
9501	9095
835	5932
9039	7751
3003	4867
5810	6781
7500	8961
5892	8713
3143	1759
1418	3165
5259	2849
6127	7460
5906	7586
8710	9275
8807	1349
1993	3163
2930	6775
8799	6849
1565	6807
1152	5068
5813	5395
6141	3098
3036	7441
3965	4768
3616	5591
4915	5714
8209	9013
4077	1768
3994	7729
3100	6367
2885	4333
1891	954
8891	1750
2784	762
8031	2767
4928	8918
5473	2151
8280	1005
9959	6737
8882	2840
1567	7210
8700	2150
7528	1453
4320	2608
2969	4961
7145	1076
7426	8303
4982	7419
7887	2944
4704	5563
1124	4469
32	1832
5584	2674
1720	135
9178	7656
2779	4477
5552	1466
663	3630
6139	4781
9927	593
4709	3872
2029	5058
435	3954
426	3245
9532	3934
2048	3772
7166	2903
7329	5351
6404	4426
2874	4594
8940	3260
1100	5839
3221	5837
7082	55
8903	3981
6677	3729
394	6017
2275	8974
1632	7425
1747	139
9995	8533
2528	7221
4871	3360
4742	3835
2766	5342
5324	1476
4681	5519
5557	6218
4408	1160
3955	2883
5433	3560
6568	2184
9543	3372
8198	4493
6331	4231
2094	3962
598	3982
4538	8939
1892	4785
7486	1652
6397	2726
4215	9516
9297	2733
1752	815
2825	972
2091	3793
3976	2152
7420	1877
9772	6968
6340	9379
2531	3427
9225	921
291	7968
9584	5343
5477	74
5173	2205
5003	477
4773	1861
4836	5250
2104	3086
5778	3548
6048	9928
7293	3426
1326	6243
3513	6438
1267	2587
1362	6020
8222	1441
9139	1424
797	5733
7070	5465
44	4840
5412	5941
5086	9012
1450	8124
7487	1430
7684	7421
721	7251
8474	6729
7794	167
8542	9056
6554	7096
731	5715
6934	6964
9081	5095
9891	5361
7024	9884
3902	2722
8907	527
2845	6096
5975	6650
2050	4210
5831	5527
4734	3575
579	6843
8962	2163
4746	1843
2701	3196
9362	6906
1711	2476
5798	2318
7688	3144
1355	7286
5046	4301
4690	3777
2386	5529
4491	2521
6198	3883
995	594
3125	8170
3317	1813
2179	6684
882	9073
2288	6084
3038	3918
6307	5819
5835	9174
6464	5695
7919	7446
7812	3120
9763	7234
8386	7306
1376	4912
7574	7056
1920	7156
2249	7416
9045	9886
9084	6930
7581	1730
5782	7237
4400	6889
1888	182
8473	8611
9535	6346
1563	6936
4309	2670
8065	822
3247	3935
4941	4894
1618	5788
8257	1279
3482	3943
8972	2877
1825	2009
1615	2638
7157	5659
6296	1297
9976	8053
4763	1041
741	2952
3543	3464
6669	9603
7532	5710
2240	6351
6484	5774
7470	2251
271	4093
7672	8378
3387	9292
402	6436
1575	5176
1534	9412
4264	4052
4444	3801
7246	3845
6388	6584
2652	6718
3596	8060
3806	1395
1078	1714
5280	1928
9091	8043
6952	7036
7053	8686
3266	8284
2040	9854
869	1036
5118	8996
1889	8821
4654	9982
8725	6090
4396	92
7199	1403
933	360
2690	5938
7137	7007
2064	7991
6733	7832
7785	4639
9254	1471
1217	3953
3128	3414
9135	6506
7863	703
5399	9711
6750	872
9022	610
9442	2659
8407	897
6032	6485
1834	6497
2628	5055
3570	4261
6534	9088
7339	4740
80	7445
9753	2436
5288	1823
2299	5988
3180	6722
7315	6774
1574	2595
8628	8460
2428	3475
4138	5919
6517	7665
2899	9046
4997	5627
6405	5772
6006	4799
8145	7338
8275	588
5492	4700
4531	6244
702	219
2545	4410
4975	5162
1568	6894
8977	6508
5617	9459
9592	5605
8835	7516
3235	2207
9205	7225
7619	7541
1101	369
8699	1765
319	3119
7987	2370
1400	4995
2262	6472
7503	6434
3635	2348
6450	1788
7891	2162
4610	9237
9588	3594
6250	652
500	5640
7958	5033
8414	3916
1722	5807
6022	2562
6832	612
8187	87
9437	6762
4168	5461
8946	7868
9967	5616
4703	9636
5330	5872
4526	225
16	427
237	2781
7536	7481
1456	6630
8190	2420
6820	1754
4013	8307
1335	6208
4888	5480
4807	5029
1412	9704
1308	3627
8429	7279
503	4693
2599	9285
4394	5663
8032	3726
3863	8364
8741	5132
6012	2492
9078	5654
3023	3870
7180	6593
4042	1734
3978	6511
1666	8291
4037	2175
584	3875
5974	4119
2483	8285
7167	3633
8434	378
750	1984
9589	61
8975	160
6500	9126
238	2855
8678	670
5632	7395
4449	9404
4060	1178
4718	1793
4245	861
292	2972
4796	3330
533	1377
2856	9770
7930	3708
2013	6885
4592	3521
499	9350
565	1392
8120	2656
1093	7624
4767	2678
2524	7679
6193	3504
9425	4646
7464	7048
7105	9250
8149	3395
7659	6622
5587	5822
9212	7171
2486	7085
642	9464
7738	9004
3057	2768
5052	1273
5521	5093
517	8603
4146	8334
9668	2574
434	3390
1755	4006
1180	3992
3114	601
6751	9587
2981	7555
4749	9640
2995	5161
1318	6642
4440	2186
8913	3850
7691	5559
3008	8321
575	5081
4355	4267
5059	2960
7117	4567
8862	4522
38	8993
1498	5623
7674	3493
3763	9850
4788	2310
2567	75
1459	812
6550	9914
5869	8784
2181	6298
4383	309
5148	6838
8240	9646
8345	241
7427	8893
7092	2980
3535	2876
7065	9506
8896	2281
8547	8431
9231	4122
1194	4833
1895	804
8375	9150
991	8868
6018	4835
7789	1634
4356	1323
4715	7437
3423	3091
6848	9596
4465	9295
88	8281
9842	6998
7638	7100
2963	4792
4328	7602
720	7436
8951	1627
7840	1896
9279	5009
8315	9557
2317	5887
5611	4197
5167	3282
2518	4947
1858	6980
2024	5031
6747	7883
4359	342
5309	1680
3157	4838
2004	8521
6406	3660
9049	4679
7040	6408
5910	8795
6424	9792
6052	8051
4025	7563
7881	6671
6594	6210
729	4682
8501	9848
6854	640
2559	9183
2165	1422
4105	3107
6735	9966
7215	2127
8165	8529
5624	6656
8086	5510
7982	9223
7615	2593
8316	6474
5308	5106
6001	6256
415	1068
8997	7206
9424	148
4198	2665
4479	1853
7185	7898
7937	2183
7996	4367
2171	7632
1396	4031
2427	446
9892	1364
5291	7875
4906	5174
4461	2774
2805	9017
4295	6333
3920	5158
3392	8299
8565	8075
301	8368
4556	5633
1682	8385
5450	3094
875	8195
4874	4527
8026	5328
4089	7608
9389	5842
1113	7102
5898	8671
3873	4436
8660	7782
8338	6042
4613	5581
9913	168
9905	8988
3787	9681
8214	1208
3907	5914
5015	8242
1814	5758
3381	3899
3012	8595
3500	7030
4001	3544
9495	1372
3215	2563
6730	3747
2331	7375
9287	6947
1177	7903
180	7882
284	1867
1126	3501
6519	6186
5120	5702
3277	6392
5289	1606
9072	886
1977	6138
8089	7540
4865	9278
825	9580
8233	3131
978	252
8624	931
5131	4722
8949	941
7090	4395
9648	3723
5024	431
1174	7583
4417	8361
3099	2467
5709	5449
1995	5618
7849	1561
2006	9622
2226	6321
3742	614
3822	6499
4662	2142
5949	6782
1560	3980
9054	7910
9903	9329
8076	8591
1963	4581
5924	3736
6687	7894
1098	9644
7703	4621
7479	7431
4398	6081
6900	3367
5238	6710
6923	1721
3112	506
7579	2334
2403	4073
3890	7842
5437	2847
6941	6704
8288	1812
1344	6551
3187	4141
4489	5998
1235	6754
5097	6744
2407	5269
6616	8758
2430	6608
9145	9130
6826	1810
4971	3035
510	7029
6175	3857
1910	9259
7676	382
8488	8184
7677	2326
7224	5764
9822	5128
5766	7188
9641	2509
4520	5271
78	618
6596	5963
6758	4427
3673	8131
8588	6166
9007	8161
1946	5572
3912	3138
1992	7961
2738	4804
436	8135
5569	7394
5384	7163
3588	753
2653	2857
112	5779
4558	1310
8507	6507
2139	7020
8590	1094
3572	5996
7879	6605
3068	1125
2662	678
951	8693
4020	1091
454	5657
2839	608
6510	332
6024	4259
6044	6691
165	4163
9512	24
9432	5345
7373	8823
4432	5421
1197	6728
1012	7869
8333	2099
4203	7603
3217	2235
7793	6959
6187	485
6368	5540
7890	9035
2557	3251
9445	9342
4741	2631
71	4730
2239	5424
8236	2112
6418	1280
2547	5166
1136	7830
8196	7028
492	7748
7401	9106
4316	6190
2553	2160
3445	7076
4085	5350
2837	7115
3261	8200
5383	2749
8606	6128
3001	3393
6350	4059
9400	1065
9352	1569
8572	464
1985	9809
9845	6918
955	1959
6529	1386
8577	9559
786	6274
1496	1281
7565	8717
474	7772
743	9020
4192	3275
2832	863
6938	3826
5233	5597
3960	6004
5548	6228
2258	1463
2957	1537
337	295
6769	3922
2854	1831
9964	1723
1955	9138
273	7457
2337	7084
3547	5664
6162	1683
3607	7415
8845	8936
6049	2026
8904	1181
6875	831
6812	2305
4800	1836
3914	6683
9179	4104
1828	6880
2803	6030
1753	373
4745	9916
8902	2579
3629	6864
6201	1633
8584	1327
3299	6901
6272	5411
5168	6845
7706	5672
1639	8938
5734	6899
4272	9712
1161	843
5951	3404
2200	5609
2008	7811
9909	8358
9727	2618
4998	6806
616	4335
5109	4830
2330	3466
8619	493
312	4066
141	6611
5193	1590
5137	5895
1658	3712
1642	9879
5815	76
1827	2158
8979	6708
3285	6473
4375	338
4284	8653
1579	8643
9858	4609
2189	463
686	5396
4011	6034
5315	5856
2437	157
3234	9878
1103	1797
537	3639
2303	973
2712	4811
4124	9
155	3855
6705	6535
6212	6144
2103	2526
4387	9540
5793	2929
2082	628
1559	6651
6829	4517
6743	1053
8491	9521
3564	8138
7320	9266
4578	221
1472	7165
2693	8176
4172	5503
4983	2755
7269	9154
1517	2090
4729	3751
349	3345
7689	1388
3173	5026
1914	9365
1150	8050
4165	502
9659	2568
9782	45
2392	1795
7094	1556
1540	9852
1288	2565
9211	977
3818	9812
4572	915
7886	7763
5277	3733
5143	4726
396	7474
8261	8549
6634	7324
3874	7710
8867	6949
487	2542
6541	5852
3401	6161
626	2368
4669	968
1251	3525
8582	2824
1486	4530
5184	1073
5408	1077
8247	1413
1040	3828
4336	7440
888	7046
597	2522
1060	9719
6009	7005
9140	8400
2820	9182
867	123
8372	3844
6341	8121
6104	8824
871	7369
7307	1047
3948	5314
3046	4
8370	6327
9444	2086
8837	9050
8716	4743
5942	6130
5825	8598
6377	1200
9857	8511
3519	1164
8766	2269
9934	1913
2395	530
8612	8838
5223	7733
4625	8041
4017	819
9163	1572
6953	1969
6755	3308
1305	4878
102	8731
5952	8714
6877	3432
1916	716
27	6973
4041	3562
710	2332
2285	423
3294	5208
4257	2697
3378	8770
2301	2909
93	4586
9188	5010
2663	8401
9610	4945
9843	4447
3991	1525
7809	7544
2815	2089
1000	8909
6082	6118
2007	3705
8820	8498
2657	9173
4403	2242
7151	6284
1380	1635
6314	1610
7407	4604
7777	9990
7518	7204
6682	1390
6664	8581
745	4499
2349	2224
9353	6602
9549	516
3333	5705
7613	1045
3968	8844
8545	5916
9125	4628
7331	1410
3832	3305
9684	31
1239	8915
3449	3200
5171	7828
339	3969
7363	7110
2061	7822
8130	8255
9181	8147
247	5169
1544	4090
7127	8650
2381	4728
6466	1357
7669	1690
9599	7988
4161	7342
6330	9717
9586	4050
1307	7097
7312	8637
7892	7257
3967	5508
8010	740
9977	2681
6835	5737
3110	1360
1252	8593
1887	386
8452	5043
5804	9127
6310	3698
7054	7972
4184	4327
5338	2647
4907	9124
7111	1956
634	9998
231	5929
1693	6411
9676	116
2783	8083
8559	1455
2417	7607
2023	8
3417	2453
5349	4738
2069	4310
3722	5724
7620	2671
4655	7260
4960	6920
4292	2753
9104	2468
4758	8049
9611	258
3754	4345
8543	1003
2867	7834
8047	9428
7006	8989
9546	1646
6268	6282
6124	5655
8369	8809
8249	2575
7671	3463
3780	7139
4789	9202
3545	2107
4500	4929
6113	7932
673	458
4629	1909
6380	6724
4825	557
8413	8129
8858	398
4828	8388
1772	106
8566	3453
5022	302
3724	3897
3027	2830
3650	4321
1008	2841
8811	3904
9558	4428
4510	7861
9893	8263
8122	3406
3990	808
6019	3397
9496	2294
3938	9348
7229	3529
6292	9731
3867	1478
229	7629
6688	1512
2306	3379
6414	3291
9552	3183
4640	4233
9560	3964
5859	9129
6721	5373
6149	7141
7820	3819
913	2996
971	7912
3186	6961
4686	8978
3483	2287
3088	8148
2950	4319
4156	1737
8144	3915
7387	6286
6578	8899
7035	4481
4211	1338
1558	7310
9427	7548
2356	8865
2695	9871
4450	5246
3936	1583
8987	6948
6896	3278
6629	7917
708	9499
6013	532
1151	785
3049	5104
4003	7240
5088	4317
5048	4891
4600	2990
2582	681
4360	8966
5760	6888
6378	2021
2030	2254
2900	6157
4585	6482
9441	4166
147	471
7121	9354
4826	7858
814	287
5278	1731
1198	792
469	6725
7967	8012
2898	8224
5100	8095
2257	6560
3095	7318
8230	5841
1786	1393
1953	5188
1960	8791
2710	6349
326	7634
4369	1404
8613	6447
7621	183
6652	1256
9232	6347
6140	161
570	963
8011	8457
6391	7791
4985	9372
1425	3577
3665	1838
2025	7453
4091	5773
1071	5745
5016	8014
638	9226
1336	4605
7095	2948
6679	9830
2601	5573
6734	5717
1613	3952
6828	6325
3946	9380
3233	9576
5593	4920
2510	4235
3604	3680
5903	2267
5877	9391
8604	9085
7529	8508
7442	1385
9394	7769
1934	3470
7428	9319
6461	6203
2576	1283
730	9063
2074	2788
9872	4087
8326	5074
1475	8393
5649	7334
191	9364
5621	4434
4253	4775
91	5970
8505	4576
1840	9585
8422	7545
3359	4488
5357	4872
6579	3805
5186	2293
6585	4710
7658	7945
9657	4897
4809	4657
5013	4189
1756	4616
1023	679
6527	5567
603	4014
5550	7758
4713	1659
5409	6265
3014	7614
1242	7889
5849	26
4721	98
1	9043
3060	9197
5497	9101
9968	9071
9242	1431
2940	5765
3623	5391
5648	8091
7531	7456
5719	6883
6270	6603
4289	4291
6426	2776
749	8621
1872	7906
3199	7314
2584	9337
2366	5462
5875	3412
5241	6122
8956	3439
6614	7047
9473	3931
3418	2737
1300	6844
7554	2154
7256	249
4687	761
1817	2976
1011	3568
7077	211
8563	3283
8235	5426
4955	9627
2002	5304
8277	8265
2533	5147
1624	8463
3322	4827
7148	7847
566	5935
3551	1815
9973	9517
4661	232
305	4487
9642	158
3759	2602
8406	7909
8354	1725
8866	3147
6055	2313
6412	5818
6148	7558
2108	3586
7414	7569
5341	4514
5422	6606
9118	852
4366	9710
7639	5205
7424	6604
5044	5830
473	7021
9658	347
2843	2397
48	9961
5303	5718
6172	185
1926	8531
3448	2161
1492	1341
9615	8607
8099	4968
1149	6441
8839	245
15	1694
1745	9068
5746	6761
7388	4497
345	9097
4539	7136
1653	5955
8264	7381
9875	4381
5066	7960
8827	129
3425	9267
5668	3531
7806	4611
8461	7208
8512	216
6494	7176
1791	5596
7356	1593
6633	9112
2619	4484
6026	8616
6353	4752
9634	3810
6589	2322
5110	8970
6591	1856
5339	9794
1028	7459
1855	8417
3377	9705
5595	9902
3058	4065
5263	4831
2752	9042
1847	7743
1631	3263
8622	3814
7250	448
377	1764
974	1774
4859	5696
6216	9756
5047	9971
9981	2658
7612	2851
5845	2875
4875	6905
4136	8532
5336	3720
504	6192
7750	2020
7429	2336
4378	452
6199	6202
7119	2126
2968	6931
7451	8425
236	9246
6230	7568
6158	7766
3821	5496
8567	1361
5157	3640
5565	7278
2549	3465
1688	2664
59	1695
9361	2274
992	4056
3589	877
4966	481
8639	8204
7786	659
8887	5796
8960	6490
5736	8037
5589	7116
3032	4658
2357	7739
4275	6121
4318	7322
9582	9972
9937	9661
9805	2744
7266	5904
52	303
1367	3250
7003	5682
8178	5976
8039	276
4973	5805
7189	2063
9986	8922
172	4632
9897	8800
1878	2578
6601	4956
2892	7595
8672	5102
7711	1195
4220	4937
6989	3505
1715	4471
2777	6793
2669	8007
3825	2864
4033	3411
6486	8283
6395	9423
595	190
7957	8066
2113	6702
3893	7191
8785	9616
9689	5931
1739	5270
3026	4390
70	10000
7280	5325
1052	4260
9600	3688
121	1701
2455	7527
9938	8373
925	2760
6119	1641
205	6005
3228	3838
9080	3460
1965	891
6767	8651
412	4473
7986	8298
9508	9602
4513	8313
2866	9339
5474	8664
3924	5501
1845	7131
323	3591
5091	4243
1054	2081
1636	540
899	1650
3749	3151
72	3164
7159	9468
4030	7321
1997	7953
3508	3489
1619	769
3536	5216
7195	7709
2246	8771
6822	1265
3894	2651
7025	5826
6390	8119
9918	3499
6317	6425
285	5284
6940	2742
280	4049
8062	1426
4027	2222
2588	4553
7192	9155
7502	3706
6132	839
406	2146
6357	9529
2641	356
1943	3009
9446	4974
1488	3454
1229	8156
1543	6189
2311	6823
7947	7837
7535	4549
4815	5440
7213	3574
910	1637
9123	6492
1782	7749
554	2895
507	5575
3398	1510
4591	7214
4496	2272
9645	8662
8514	552
4965	3785
1668	7759
5568	2756
1917	6542
8379	7542
8028	8929
1119	5518
233	4714
9747	6114
208	8336
8524	5360
9736	9024
5299	7796
6075	7002
9908	4861
2047	9545
6110	1473
3386	4688
4528	7596
5909	6811
110	5220
3675	4081
1140	9881
1461	9062
646	8117
7014	9619
8992	8098
9707	7874
1046	8481
3316	315
2764	3621
8573	4196
4294	7393
5367	8877
2871	4358
3718	8998
8475	8450
2197	5460
9698	7582
151	4904
9941	5888
1027	2250
9376	8152
357	9355
8921	484
9980	8831
2077	1566
7086	2441
7477	9157
5808	9233
1707	5556
2214	1416
126	4005
2956	7399
5995	6179
3906	5085
2404	9803
2607	33
3517	8751
240	6101
6312	3753
8167	5245
6667	8440
944	5240
7515	6557
9894	7108
7697	2470
7723	4676
6050	7368
8971	2828
9685	7410
912	5098
6433	8468
1309	375
7708	4463
6870	1869
9204	4854
4877	4858
8797	187
7284	5635
5983	4675
5107	8111
6339	5821
4409	5413
9198	3951
3332	4134
3202	8788
4938	5498
6400	2191
9248	836
2100	6275
8761	2282
6757	1437
531	1497
5925	4680
429	6152
7304	4034
9277	6229
7578	8084
5582	1373
7980	6125
4459	9750
4000	7928
4784	9536
5348	494
2159	197
6432	6235
1458	3149
2485	980
7099	8163
3940	2011
7471	1260
3626	3928
6976	6419
1346	4280
9874	1158
9315	8669
8459	4334
7262	9838
8625	5018
8141	5307
7174	8684
4053	7465
6014	4082
9715	1457
7411	7359
2307	9367
146	1550
8602	9567
2548	6675
5051	7294
1592	8213
5000	8177
6085	1706
7132	4950
3369	2190
8489	1911
2880	2983
641	7506
1432	7114
6092	1286
5959	8259
9335	7616
6732	6222
3031	771
6925	1585
1687	4615
3192	2886
8842	5290
5198	9741
782	2199
2302	9663
1555	8274
8105	6907
9542	838
4478	9447
9262	1608
718	9360
9119	3159
1244	7328
7332	1438
677	5908
1775	366
5182	2624
1673	578
3762	1594
5235	8517
4270	3141
4724	2465
9907	8323
7575	9253
5069	3852
2445	7570
3645	4569
5310	7499
7964	8203
7742	9185
8101	2590
6546	2868
2685	8503
2780	515
3587	3136
6520	9921
9478	7594
3671	486
6383	4279
1948	2371
2807	2444
3410	5276
4199	6955
9230	5144
631	9765
4523	9028
9945	3977
460	4214
1398	6093
8293	1783
414	2474
5228	9132
8601	8415
9252	3495
42	9443
6788	202
4762	3313
9256	4739
5700	5140
3625	218
5060	7587
430	8557
8260	4120
7303	7350
82	9416
3925	5673
7970	6301
952	3304
935	2902
4475	3743
5262	9861
5407	9214
3597	5366
9407	6238
6922	7319
7724	6588
6798	313
4908	3399
5512	8449
1664	4541
6685	5684
8645	6928
2717	5747
1704	8069
1034	4386
7039	7254
9796	257
1262	9371
8402	4589
3047	8359
8448	365
1677	898
5966	6385
793	6538
5987	6805
4786	8269
2747	5256
6063	1272
1681	6595
3608	5049
4140	4384
2504	8999
2640	9531
1841	1996
6015	9341
4401	2609
2869	2390
7317	9887
3029	3518
3368	6666
4046	1291
8056	424
1873	2315
277	3550
9146	613
6837	4174
4094	9969
6966	3106
2237	4638
3194	1402
94	478
6573	7263
8294	9410
7824	7231
3446	2666
1145	2439
1749	5816
2706	3314
8390	6037
7083	2145
2098	9113
791	3007
5265	9827
6302	5833
7142	5479
8649	9519
1716	7259
1522	2500
4354	1479
1369	8453
8033	8064
8552	697
3823	9060
975	6868
9568	3290
5889	9199
2036	5843
894	8306
830	3524
5483	1214
2419	4987
4948	2000
599	2572
8665	9758
8914	7553
2241	7008
9628	1875
9553	4126
488	7450
3851	8952
3434	4791
2684	3878
6914	8513
900	2335
9387	1961
1729	8580
6530	1644
1220	849
3154	6224
439	9528
2402	122
9000	8470
1066	1343
8888	2527
8404	8691
4370	865
3065	9561
5124	5729
5641	5639
8078	6241
3451	6803
2544	7585
1894	1224
2489	43
6509	5694
1511	8720
2155	128
7712	4361
4154	2723
7444	2297
4392	1820
9331	5243
6598	7939
6814	4529
2506	1884
9192	6858
956	8384
7598	5532
7815	9328
6621	9289
1862	4643
6983	7370
4587	4379
3213	6977
7850	6860
1882	5200
8469	7504
6475	9027
4016	2066
142	8551
7392	3911
2831	6625
7335	9811
8045	7852
1375	9983
3613	2879
3731	1121
2244	3658
7836	9537
7107	3865
5053	3491
4022	7870
9691	1741
1509	1802
522	7981
1591	5215
6674	9351
4939	8292
5008	2218
783	6929
6927	6252
4433	9122
2059	2080
9403	7692
6617	3337
2560	5838
2276	8677
4795	3346
6387	1808
5281	9330
1292	4595
2147	8816
5431	9151
6709	1351
6665	1004
8487	887
5459	3683
9087	3506
7867	420
2442	1850
5368	9435
1254	9671
4951	5504
5491	9785
629	4552
8462	2668
5358	8648
7626	114
3289	401
6943	4190
8901	816
4723	9810
6262	5180
7287	6644
140	2324
1554	9563
2378	864
9312	7936
4304	7309
7033	1980
1501	2694
6116	8374
222	3637
5189	8226
6435	6518
1696	1266
8701	6933
8382	3558
5526	2309
1123	1447
214	9575
1210	8932
7546	3778
8733	2280
889	580
6103	6337
6469	3462
9189	5175
4406	6553
14	9954
8629	6068
2259	1245
4131	926
8437	5362
4322	4848
649	4842
7041	7243
1640	90
4759	8881
8447	1927
6576	3461
5117	6285
2615	7526
4754	4362
1285	3328
7593	9159
2014	4191
7298	6646
2728	8579
1818	7859
498	22
7610	1399
3656	1477
6624	7654
6876	5564
5800	3744
1912	6748
8042	1885
4467	2804
7770	8890
8528	2858
2027	5080
7103	4989
5522	9413
1586	2291
5036	5588
5199	4212
1773	6239
953	6240
7648	4160
2757	6153
5629	5390
3218	8925
1031	3197
1474	4323
4147	7877
8754	3996
9162	2550
6944	9647
3950	2514
3606	1427
6772	653
2688	8855
405	3224
4940	4098
1698	9345
9358	3824
1672	6117
3866	7193
7959	2801
1978	9030
2905	9544
1735	5089
546	6740
9058	8136
2284	3019
9018	6532
5885	7938
9059	8924
3259	5585
8097	9120
6563	2062
1352	2762
6267	1232
2117	4372
7913	5671
9693	2376
7220	6342
7704	9743
3898	5463
9460	2566
6859	758
8419	2354
272	2746
9821	5347
2719	6254
8332	1893
2989	3350
8748	2035
3578	9757
4047	6810
3555	5756
83	6386
1531	2672
3137	8022
2363	6041
6226	8873
2454	5511
28	2137
7161	4648
7190	3174
1876	6454
2991	2977
8892	8760
8539	637
7219	1487
2765	3130
7976	9723
1949	4988
8898	2266
9217	2814
1923	9260
4917	2217
2051	196
3336	2134
3622	304
7589	320
101	7447
3281	9760
5871	2296
7514	3709
4088	4121
6654	6515
5041	7362
9734	1142
4760	1179
261	8759
755	1230
1485	4468
7630	7012
3573	1444
6354	8610
7664	4544
6358	1702
7966	1320
1451	674
3132	9590
1433	3942
6942	9725
3797	7073
6824	1805
6308	7211
654	3329
5645	1013
7149	2295
3288	8199
9570	3067
3273	2225
2739	267
9206	1221
7367	7508
4665	6204
6714	1018
2887	704
6211	7434
4430	8322
1643	4844
3348	2558
9148	5560
5930	8688
8348	8729
5402	6335
1147	1448
359	5880
7788	7
7844	518
3134	1717
2333	9910
2763	5478
3848	9431
7826	683
120	8077
1130	8819
2594	2325
8633	9471
7741	6430
6109	3973
6643	2835
9288	4750
9309	7467
4598	8576
8301	948
3961	4933
1846	4774
3643	5418
8243	9261
6290	1524
3039	7744
408	9436
8339	2906
8350	6214
1743	903
589	4074
4964	3970
6245	2003
2556	7547
3995	7241
6818	5319
8957	268
2997	3140
7364	4614
4883	6502
6982	818
3846	7019
4223	8631
9382	150
108	4803
8324	7833
4266	7360
4518	8910
8879	5658
7752	7438
9390	8897
3478	3557
7158	4855
3997	8808
6619	4582
4102	5429
3373	4229
7346	5416
6700	8871
9551	7975
1246	5731
4992	9855
5356	4737
7916	8627
3118	7538
153	4697
7753	6575
5787	4325
6305	7955
9052	4853
3618	3775
5292	3179
56	526
23	7549
5378	6200
2434	1483
4282	9683
8104	3836
1188	8287
6668	1859
3160	8792
1193	5493
5644	3477
2041	6077
8035	5316
2406	3889
727	895
9923	9870
1332	7295
8396	8704
4991	2065
5136	3909
8344	536
8438	9948
3158	4072
355	3693
2144	7268
8982	8850
2897	3358
4504	7316
1087	8109
3593	9373
5145	8894
5447	3781
7884	177
3156	3307
8387	9761
8169	6371
210	7089
9216	2383
9614	6784
7683	1784
4258	2611
6549	6033
6278	3880
207	5642
685	7282
1085	4560
2472	8444
9426	2380
8843	8783
8330	6476
2865	189
4070	1238
4054	8830
3641	4039
8494	5900
3974	7398
413	4177
2882	5607
5744	6197
9414	195
8933	4608
6841	1469
1932	8911
2625	421
8188	7067
7675	4670
2286	8522
8599	2456
3507	1439
3184	1660
8304	8220
6247	2367
9654	1172
1663	7443
7348	9294
2603	8015
1175	8218
735	6062
9721	2068
9272	3636
4502	1986
4230	9925
4407	2654
8356	8023
9919	9114
6813	3216
3230	2535
1240	2182
2216	9762
3364	8266
9291	6306
2491	2355
1468	3804
7696	2341
8670	6410
4331	7478
602	1989
4419	5231
7452	3910
9922	5268
1284	7060
3494	2384
2751	5656
6543	7064
7543	583
911	6154
801	8005
7914	5592
6003	81
1445	8822
3539	2759
9493	6773
2319	918
4596	9392
2621	6259
2632	7896
8931	5486
3831	5824
2721	4281
4536	9044
2446	7144
9434	960
2994	5528
8705	8833
9601	5794
6623	5622
5523	9475
6185	6064
3487	2707
5755	2452
3565	6830
4512	9523
5101	9484
1726	6533
4313	7468
4970	555
3684	6394
7562	5434
6648	3988
7941	8585
3025	6545
8202	6095
9180	4761
7530	9061
9608	324
3276	9470
8174	8958
8574	7397
8251	2493
4935	4374
173	7212
6739	4663
2889	2057
3394	1016
9751	2962
6372	9963
1277	5630
2075	7995
907	706
8863	1789
6809	5505
8676	7925
6091	9935
5063	389
2704	8920
645	688
9629	672
13	7637
3926	2680
4153	5601
131	381
1391	773
3204	9665
1247	8872
5352	7341
7493	5454
1936	3659
4852	4946
7552	3146
6632	2610
9771	4044
3908	8638
7081	1826
4036	8986
9469	7197
7984	3615
7795	6183
8054	5542
9696	1947
7682	7775
2031	787
4480	1611
2102	5154
3084	4368
1804	3933
9117	5376
2418	5458
6261	5706
5883	390
143	1132
4959	343
7057	2166
5814	2049
832	5763
2398	8102
9239	8140
3255	1864
7860	8329
3949	2982
3473	8276
6504	317
6440	7061
4590	8029
5933	3209
3231	6283
5065	1401
7572	4766
3181	9630
2554	6636
8133	5451
9240	7454
1241	4148
2342	4482
9617	784
6663	7344
1570	6802
8016	5759
6736	2539
1383	6375
5071	8408
4351	5708
6574	379
3219	4984
2633	6792
3073	1298
9136	7661
3284	7920
938	171
1141	3195
9196	2
8394	567
2937	1582
2211	5090
5311	7633
1852	9096
4976	7062
3059	1387
5121	8418
3108	4601
4299	3592
9074	8392
4503	6770
3064	7713
1169	7418
7931	5537
5580	4772
3538	6035
2881	1312
4909	8712
5087	5300
4315	4583
4899	528
5380	2379
617	2298
5994	6647
798	9930
7357	4144
8371	8186
4045	7662
1890	8641
1790	204
7087	480
4179	2727
665	9547
4040	3268
9169	5543
5535	2708
5476	582
8424	4879
4454	8594
9652	5287
937	9450
6074	9513
8270	7990
3756	134
192	2067
7816	3312
7908	4171
8504	4860
34	7926
3728	7885
644	8309
5354	3923
6039	8194
5494	5417
7118	5927
4837	6142
5427	9828
6703	3203
7439	8991
5799	4876
8555	9837
1030	7253
6471	2141
1906	7765
523	6946
9944	5443
2087	6053
9489	525
5135	3583
1598	7821
1070	4783
8765	1676
4234	130
4641	6069
9077	8272
2538	5868
3694	9453
5541	8626
2986	8044
7978	5134
4241	7233
9957	2473
6524	8655
5444	7719
9774	4636
9187	4457
4213	2732
1304	3171
657	3699
3469	5084
2644	9308
8724	3210
367	8455
2480	2872
1994	9344
2730	4597
3044	9300
5829	1607
6645	1211
8806	805
3102	2233
4873	8411
6011	2320
2195	7129
6842	7653
7079	8876
1622	2478
9562	8216
7050	800
1935	3930
2037	3403
1370	1499
813	6102
7430	8814
1329	6978
4068	8492
7352	9191
2673	5306
1513	6234
1620	9591
6364	763
8540	4712
6878	1822
9257	8008
6935	7617
5820	9514
6939	4885
4413	5078
9865	5214
5857	2614
4622	7801
2238	705
8702	6182
2819	1302
9694	4819
9051	2564
1435	1129
1014	2464
8640	8154
9873	6991
7783	9692
4377	4900
2703	2289
6567	7291
1134	9778
3298	3258
6281	455
7138	4532
8106	9583
5780	1465
3854	1944
4535	571
9550	6213
4733	2888
3784	2460
9932	8094
4868	1697
8059	6398
7827	2660
40	6251
9420	7277
9142	8150
2761	2097
2022	8647
5432	7120
2754	2484
4055	8564
8205	2537
7382	4626
1974	2178
1863	9263
9005	8586
6969	3269
4302	4225
7854	6779
5506	7385
3843	8403
5716	3113
9038	3669
3443	6582
4232	6452
1423	636
4736	3148
5083	7170
9579	1072
2934	2696
4069	5866
2758	7009
4324	1708
5957	2232
9269	4620
9856	7734
1084	1901
9402	9109
564	9449
7740	8965
4805	2679
3422	1553
9170	7135
1939	318
7490	8980
9709	2382
5647	376
7726	2223
9485	967
459	7736
2170	9408
3796	919
999	5021
3190	4008
4314	7281
6819	8355
2052	747
7667	8107
5713	5973
8782	1675
2202	6974
7761	3957
7402	845
1779	9411
8945	2571
3721	9357
7641	2043
4588	1231
3746	1108
1824	8399
7265	1263
281	1167
8471	8290
2683	5515
4167	796
8366	668
8267	6071
2118	1243
5326	9504
3467	4753
5579	711
4847	6021
1951	1844
1139	3075
7130	3072
2541	5990
4057	8225
9679	3888
1259	2193
3776	8526
7488	4300
577	7627
5337	7124
6220	840
4706	6795
3207	3975
3841	5420
4107	7274
4285	3523
5586	8734
4063	5472
6690	6313
9482	844
8546	8021
541	2352
1146	3809
3769	6311
9787	9249
2128	8271
7034	7336
5252	3145
1931	6917
3011	4012
8352	3648
1833	1156
5993	5260
7901	9324
7618	3737
2927	115
8067	687
3757	1713
632	4841
353	841
5915	1350
2919	5296
6909	8950
7814	5989
1983	3041
7066	4764
3601	3734
7300	8853
5878	2598
3214	4118
4501	9839
12	6060
7179	9089
723	2516
300	1199
7755	2353
4580	3306
1929	1692
700	3714
5172	2884
9638	2389
69	2168
7390	66
7355	9993
4649	7808
8278	624
9184	9929
9477	206
693	6607
8250	7628
3097	7757
5751	2735
3048	3788
1270	7623
2667	556
4021	2623
3652	178
1389	7400
124	4593
4474	4492
883	9667
7773	2494
2546	154
1026	4382
8723	2806
6051	1982
1043	6547
8435	1293
690	7098
7718	9900
5481	1153
4584	6007
3773	7537
4994	2951
896	5006
4732	243
2505	5130
2414	4288
1436	6207
7150	4312
1215	403
9366	5749
5197	3343
6326	694
8976	3559
391	4927
9606	9834
5344	3034
149	5414
7577	3983
4810	9688
4892	68
60	7042
7865	1112
1075	3087
7175	3124
3347	2842
1930	104
8968	3279
7462	8254
712	7764
8398	4677
9144	7271
467	558
5514	8878
3206	6693
9092	3069
3351	2833
5693	5626
9034	6159
647	9604
4152	2771
2231	5
2551	7927
9962	9637
7907	7305
9305	3385
1757	7655
9455	3715
9384	9768
2174	5317
3486	7969
6258	8912
4251	4458
2429	3599
7043	5946
6422	286
145	215
3490	5428
2391	1628
9672	3000
4565	3270
6287	1942
6255	5721
5691	6891
6036	7767
1325	4910
2122	707
922	4505
2676	794
6477	3719
7522	4429
606	1880
6277	5561
3375	5042
1443	7091
8068	5732
5234	8113
2278	3820
63	3175
5113	5917
8079	5876
4445	3860
8880	7871
3237	296
1186	6493
6962	8074
6293	7412
9702	3760
3528	4498
9829	2083
2312	924
4114	1354
854	7049
8722	9613
8058	5264
6089	7409
2340	3624
9397	2132
5735	8286
9220	8229
4424	6699
2394	2016
334	4568
3376	5388
9808	5730
9820	4442
4548	9989
6723	3745
2992	5181
8917	2423
2626	5302
3356	2169
509	9631
10	6836
5273	4863
997	4780
4911	4642
7817	881
1962	1105
2926	1933
5194	5067
9813	6865
7625	2795
8112	256
7389	5943
7252	8763
3620	8143
9888	7383
3484	422
6401	8486
7031	6653
5295	7485
2101	8189
1746	2499
9650	7649
9304	9168
9086	8634
8661	3104
8325	5442
1481	4678
7843	4208
1595	7900
8732	1539
3103	9947
21	4574
1964	9466
1371	4002
5741	1881
4009	2534
9307	8614
9863	5757
7051	752
9303	4603
5862	2360
1940	884
3374	7949
5881	3155
3549	7730
5884	1665
9690	2323
9713	4914
41	1937
8296	1115
9381	5196
842	4123
1080	3361
9107	8679
5768	873
6742	9509
3847	2844
1064	5936
4924	6994
1975	6260
8749	847
8889	5698
9639	1629
6066	7651
3428	4816
470	6522
5170	3189
1434	4963
7735	6359
8166	275
3020	9338
3238	8781
4922	1069
8500	2750
7404	549
2702	5123
722	2479
5544	3243
2939	9209
6895	1384
1163	4684
2789	8458
461	7905
3502	2791
8072	9797
7022	5297
4028	9597
166	198
5685	1600
6217	6797
8070	5854
1868	964
1313	9572
5448	1945
6661	8128
2612	7088
8812	7702
8687	7520
4508	8919
9276	2597
5614	8696
6521	372
1599	7559
133	7194
8405	5475
6373	4765
2374	8561
7313	327
7992	1516
4630	6297
3944	6987
3295	8973
8558	3053
6569	8172
979	4019
1796	742
2187	4627
3485	6420
9194	224
909	1033
6205	8618
4108	7463
8790	3895
6097	5934
7566	5340
6294	2213
4895	3167
6169	9737
996	2635
5985	6796
5019	169
9440	8159
7123	5516
6196	9735
8742	1419
8151	3232
8118	2912
2823	2058
9215	4870
6379	5025
2432	8383
5253	8499
759	9271
8139	1623
450	2822
1505	5848
4735	5972
6635	2265
4813	2273
7800	651
9877	2092
1903	1042
8134	4540
6010	5034
7365	3984
9779	9349
9047	6478
8525	7475
5666	2675
6673	9363
2591	5604
9708	4898
666	7354
8115	5164
9510	1056
9527	9153
9001	2017
3786	2507
548	2817
9008	8801
3341	2120
5282	9742
3611	1339
4919	4664
293	3692
4357	5791
2385	5207
5905	8317
2046	2827
8096	8179
9069	3815
6059	9396
4652	8439
6429	255
6407	9515
3701	1397
5122	2852
6389	6526
6808	4452
5275	876
8211	4405
6376	3472
9534	97
5293	4010
9607	5202
2042	49
8142	1648
7714	7899
7845	1899
6727	2180
2716	8875
1001	5653
5204	9816
680	3750
2501	521
2229	3738
3947	8046
2415	2462
511	4209
6356	9340
6804	9824
4204	5789
2999	1780
7236	6680
1460	4862
352	2787
9748	4117
1345	5210
2508	4793
9788	970
9284	4778
6304	3166
4402	789
1133	176
5574	3998
2530	7857
6100	7823
8803	8560
9612	9186
8571	6336
4776	5165
7780	5851
5615	7273
2921	5669
2073	5423
7965	340
4866	8969
7045	9210
8477	826
8836	441
764	3318
6965	984
3937	5775
3653	3667
6355	7673
111	3813
4237	4100
1290	4516
3811	4303
7584	8001
4456	904
1202	4332
8227	8985
1742	3421
3674	8341
2622	7695
8926	289
3498	7122
545	620
3941	1740
4716	744
1421	9701
779	5754
193	7657
5114	6206
3782	6599
6846	3127
7230	254
1571	2724
4169	7680
4667	4200
314	5847
4719	5912
1382	8441
7106	8027
1719	3634
9347	4226
1769	6916
2339	5954
939	1581
739	9229
8562	8234
2457	5920
7058	8009
8201	3480
3442	1907
4188	7374
3696	164
7172	9621
1055	100
8764	2627
5334	2133
9238	7109
9375	7323
6462	7228
2924	2848
9655	4564
9031	7378
9103	433
7198	6745
1025	2327
709	9817
2060	6999
2221	103
9740	3687
2364	8927
4137	5864
453	399
6467	6992
1102	5802
4352	757
6706	1117
4453	2440
8052	5438
4274	9451
3771	7802
96	3457
4843	4187
3537	6903
383	265
5072	2725
6884	1022
4139	908
137	5403
3050	6455
2345	1669
7325	8232
7379	7027
8137	6460
3901	8798
1127	9116
8057	253
9203	5846
561	9133
8479	9618
5226	7476
3816	8711
1766	8694
4084	1294
4470	1792
2891	8357
9290	6295
9744	4653
6163	6181
4936	669
5502	4205
7032	7994
9421	1578
3063	6076
6106	5183
6173	3496
5075	1662
4547	3527
8412	8258
8779	5742
5456	8834
7732	4075
8319	159
9885	4893
3929	9463
3540	419
1171	3861
5610	5331
5272	5907
9577	1655
2687	5897
9448	9564
2604	1736
3161	2794
2511	8646
9476	1227
5980	2449
9994	5141
860	5752
3887	9831
9571	5054
3758	892
5370	9738
8578	3419
6559	7366
3676	8608
1122	1617
524	6817
3024	4350
2861	6227
6445	746
3711	8854
6156	9053
2985	5576
9526	4839
4967	862
1274	8192
144	4856
7023	8657
8430	4115
298	5599
132	2592
5251	5436
4342	3362
5785	456
560	4293
6531	2412
1037	1348
3413	8537
6863	962
4023	3051
9860	4618
3798	4414
766	7104
9988	5283
4637	7071
1549	4656
2850	5032
7519	3727
5211	6689
3070	2911
5039	4633
3697	4958
3123	3581
754	3004
4462	5865
8744	1048
6086	6794
4263	2084
9955	1776
5812	8055
9048	5882
6488	4817
6627	9143
8805	6525
3287	8376
6309	2689
107	51
1449	6950
8367	5190
4916	5377
9221	3695
4228	4563
2044	5381
1787	4080
2164	9009
9939	5419
4298	7851
4570	9015
874	2901
3839	2451
5285	6763
1271	929
3201	125
4691	5536
4651	1337
2028	5961
834	4864
5893	1968
6067	7473
2947	3479
9003	7038
2974	2116
7001	5248
6352	5471
4689	2329
2314	8116
5689	4365
3327	2577
5103	3384
2300	4435
7521	3476
2936	3256
7983	6136
9219	6171
8709	9010
8038	5206
9802	1328
3320	1981
9467	5014
5242	2343
7715	2741
9479	9541
6453	8753
9931	7622
9766	8682
3512	6126
6328	8181
7055	5971
1467	7205
7017	717
7933	2347
8635	8859
6160	5267
4823	4164
7153	3999
8397	9801
1321	1528
4624	7484
5531	9942
4525	2033
9883	5727
543	8478
4287	3905
5969	8153
8020	5634
8941	9454
9623	3117
5923	7413
3040	2946
8617	966
9759	223
9720	1368
639	7880
7999	1763
547	5748
3619	7716
2984	1703
3028	4683
859	5823
25	6483
4083	5363
5195	7308
9090	1109
3748	3779
3725	880
282	2979
795	5249
4575	4142
4787	8630
1347	6459
7326	4150
9697	9314
6649	5828
8828	2388
2131	9912
9333	1991
8718	8715
6516	9844
6786	676
8667	4818
6583	6029
5415	6248
4918	3066
671	3227
9776	824
9773	2135
9377	959
4132	6902
6746	7337
6107	6324
7183	3966
4330	4329
748	1236
6465	1987
3678	2745
306	1718
2279	699
7604	3096
4748	9165
9502	9890
6871	495
1771	3309
6246	5156
6716	5725
7063	7218
8846	5662
4038	5964
2497	4111
4439	4103
4437	1218
9956	1223
7358	6984
1255	4557
4579	9236
3654	7523
6555	9598
6038	230
1143	331
1131	2421
7539	1973
8515	6073
8328	5012
9859	4244
7333	9764
2773	1976
8048	2613
9227	6115
6365	6280
316	6299
6131	3370
7343	5329
4692	5680
1626	8210
4130	5797
9880	4078
5077	5534
6070	2646
1998	5939
6913	3514
8030	1331
8212	7971
1952	8024
4157	2185
9991	4889
4133	9332
6572	6147
2829	3794
8583	7699
3172	611
1612	6626
3182	1261
4404	3355
7561	4717
1111	3382
2838	2156
2928	5435
6749	7482
4903	4032
833	2896
6099	3056
3765	9933
3017	8654
879	3081
1420	472
2699	351
820	1781
9754	6143
732	6921
6442	2519
9299	777
2617	2965
2119	1482
3792	7511
2015	2204
7187	958
321	6963
1811	1114
9899	6249
7918	520
7181	7635
432	4348
5978	9733
9472	2110
5790	3400
829	4306
3092	5023
5017	3074
8223	262
775	3002
404	9950
7787	1185
2532	1886
2261	2425
3515	698
6640	2915
7201	7779
6956	682
5670	1504
6780	4751
5965	1684
1144	7509
6641	8193
9624	9675
5874	7010
3585	3225
9036	7160
5891	3795
8073	5771
259	251
4411	3315
4018	7915
3553	9356
2401	1315
5553	6269
3471	2826
7491	6
9207	46
823	7609
3085	7068
6279	8168
3556	6692
643	3244
1819	2802
1686	7776
8680	3366
4671	1322
8817	5728
228	8110
696	1353
957	7831
2495	4850
1454	7376
1535	1356
9518	4519
162	8644
2192	6023
2438	4268
8327	7760
4931	6225
6361	5928
3704	9327
7245	1095
1414	2005
8268	1058
3497	6540
5517	1520
9901	8158
8852	8108
1685	8040
9452	1165
2433	5499
6291	5921
3612	2770
5786	8160
6791	1187
9987	7512
6924	6831
4771	3321
8085	7611
6954	336
6958	2469
2720	400
4464	8963
4262	2655
9833	5487
199	4769
9669	6271
7551	1849
4015	7133
3212	2198
4311	1552
6332	1038
662	7798
7113	9147
410	7727
9882	2346
6178	4399
1806	6396
2369	1097
371	6040
4051	8466
3993	6316
279	6613
695	736
3018	4550
8735	5674
442	3083
2555	6111
2931	692
3958	1295
7168	77
3162	728
440	4913
3402	3236
8745	3546
9111	7184
212	2270
6678	1301
4416	4635
7942	6887
8541	8832
6676	8959
8740	535
8597	920
7217	4202
5650	5490
7223	660
9851	9301
5468	6713
9487	2573
3590	117
1394	4996
986	4957
483	6257
9674	4554
1762	5944
6045	5320
5723	1154
6079	544
7372	2938
2256	4901
4757	1507
4543	7000
3631	4438
9134	5956
8848	3554
772	3755
9864	2408
2196	2277
9700	5312
6657	9653
2596	633
6381	9769
5570	7862
4756	7848
4486	2978
9853	3892
8883	6815
1576	4106
8347	6431
3089	3080
8391	855
397	7720
5099	4155
8464	4902
5133	8305
7483	619
6495	5679
2798	4727
6580	5177
2955	1082
4755	2056
983	5445
3303	3246
8767	6787
8652	6856
6137	2818
7841	2149
3919	7895
1728	5853
5600	7567
8756	6911
8103	8900
8362	8851
551	4182
3580	8930
5201	6231
5237	2260
9280	5555
2941	3603
6783	6046
8395	2001
9814	1264
5676	8351
1464	8490
4176	3438
7731	4271
1050	5393
3021	9149
7044	4979
6384	370
393	8454
7600	2715
4934	8308
5335	6861
9651	9234
9325	3834
2413	8337
1587	9486
3257	4612
1529	542
239	388
4256	4071
1029	8773
519	7207
6600	1785
2914	3006
3989	9422
6043	1966
19	8857
9200	9465
3349	5720
9429	9730
9777	9574
9876	2772
9006	1548
6610	6501
3396	9732
3135	8506
9677	1630
8231	5781
8605	5467
4884	790
9985	4887
4207	5294
482	4672
7997	3016
53	6561
4798	2734
89	8416
1010	6637
341	1299
1484	9336
3492	2375
3302	621
9714	4250
4242	8340
6468	5879
5286	6264
1957	2114
9958	3365
7517	9156
9578	2498
3542	8826
9066	9767
6851	8737
3571	6778
6458	6399
3122	6273
3511	8886
6753	1135
7813	4623
667	5227
5274	3972
9554	573
2740	7249
6967	7556
1758	630
2907	2860
3383	8349
5305	8548
3707	6981
5783	2793
9911	9728
6002	3441
1440	7196
7839	4096
2153	1061
8346	8928
856	2846
4007	4925
11	7345
3849	9869
1604	3271
9818	1870
607	84
6513	2853
4849	5355
5332	8981
3638	4571
7690	7746
8155	4460
9224	4666
1950	6898
4269	9318
501	2172
4483	8943
5809	3642
802	2219
1250	2167
994	1908
8728	4668
8006	1760
9978	8813
2458	3191
1409	1317
7154	942
9595	1020
7126	7825
5247	2487
3610	4373
1588	4129
7924	7940
7902	9755
4326	6151
901	4797
2873	4954
6489	1541
9316	737
7721	9265
9699	846
9889	4095
234	7853
2243	9245
7347	5513
3717	6008
866	6707
2729	8363
6334	6503
5677	6801
1710	489
1798	8947
9298	605
118	6417
2904	1865
3062	5149
1162	7255
2125	1495
5405	3371
263	6970
1897	9172
623	2649
9520	1874
7993	7974
3293	7893
8570	4397
3884	4562
3600	8685
2416	1296
6879	9176
9222	3061
99	1222
8752	4696
7948	7435
5364	7461
988	6319
9673	2271
9949	7590
3444	8180
2450	5950
2925	8248
4845	4647
3301	3917
5082	6857
3566	8380
4808	1709
7666	5712
2520	4371
3262	2966
364	5150
8000	7386
3761	4227
8774	1851
8944	8289
658	5001
156	8984
9896	6825
497	4506
6191	5861
3109	9100
5860	9626
1551	6382
5858	5651
508	2448
9302	2698
719	9670
8632	4423
3790	8157
2731	5697
7059	6263
6028	8342
8132	9752
6168	7276
288	8953
6765	2194
6800	8703
5643	6564
30	3646
2393	1515
5896	2890
976	5327
7694	6237
395	9041
194	1573
4923	1092
8527	6444
2350	5002
9201	8818
3628	5386
932	4821
1954	7371
5353	6612
5191	1990
7143	4829
1213	7261
8206	6785
188	9620
9533	9819
9997	4240
512	9488
3869	1120
5981	5619
4170	5801
2136	9917
9474	5598
4832	8238
7681	4472
9037	4972
5203	7678
5947	1777
5239	9786
3455	9539
2304	2400
8433	6470
5538	7728
4846	6839
5806	6080
1044	9784
6276	6221
6498	5613
8331	5776
1330	1770
2140	2634
1358	7275
8123	1866
7977	2935
5547	1649
2515	1638
3408	1839
1289	1155
4801	8239
3121	6850
821	2682
8082	1276
6581	9281
4790	5918
5225	7015
982	358
2387	6177
220	9293
5139	9664
1829	9218
4952	3437
2540	2714
1603	8314
5683	1898
4180	848
7247	5446
8520	5660
6971	8519
8739	4561
5488	6120
1830	1237
7052	3101
4986	5590
9270	8318
4420	3677
7101	635
47	7299
9378	3842
7725	8423
8789	5571
3211	2713
713	8253
7177	105
7956	1032
7480	8019
1589	9823
3741	4252
1415	8090
4731	4246
4024	7646
2053	586
5372	9920
3649	3670
8088	8126
724	2188
7573	581
7985	7701
5425	3311
5037	3598
5321	2482
4524	1184
4004	6512
1699	3617
3689	1024
5020	4307
8895	6027
585	7951
7302	3807
8436	3702
3682	6790
2471	2215
3055	3133
6253	407
8810	4782
5007	9244
3153	9317
5665	8983
1219	5064
3840	2129
8427	9439
4043	781
4388	5761
6443	6322
9368	2637
5991	2111
6990	6344
387	1183
4747	7458
4507	2585
5740	9841
8750	7686
9503	8948
6315	9296
8592	2961
299	9079
2409	1278
1201	5594
9040	8777
5722	2943
9282	6726
7125	8182
8995	5507
6853	5901
5151	7069
9102	9497
3005	3584
2970	457
7979	2078
7140	6528
6065	7351
7747	4029
4521	8426
6437	3662
79	3077
6712	7349
7550	9656
6548	6686
8905	2227
3208	4494
3176	5533
3522	7922
9793	290
4376	384
322	3193
3766	1657
2529	714
8668	6366
7943	5057
4162	3126
3226	6855
4962	5602
8164	7492
5667	5279
1159	1417
8432	1514
7768	559
8003	1596
5389	5850
9026	6537
8796	9530
1542	5834
8934	1700
8420	3963
479	6108
3770	3882
7011	1972
3054	6054
8666	8467
8482	6088
1733	513
1744	2358
2859	6993
1168	201
476	344
1107	8013
417	4048
9687	9247
9409	7498
6697	449
4412	902
2247	4476
4393	4026
6799	8554
4542	7864
5322	2677
5558	885
1491	6303
5554	1282
8642	9313
3082	8663
726	8146
2543	7807
5219	6329
283	6890
7226	6164
2975	2377
8544	7152
1503	4415
3363	5770
7495	3716
4097	2362
1106	8768
2700	1938
2431	1837
6892	9241
8861	7534
9152	2490
5236	7591
4339	2836
7037	946
2629	5212
1915	4694
4349	4695
1801	2778
328	1411
3526	1176
691	8804
1216	9898
1049	949
1925	8964
5704	2600
6756	7784
6421	3959
7989	3663
3871	3679
5112	3264
6719	4869
4932	1306
4880	733
7264	572
9383	138
6897	5520
2894	4206
4546	9419
1807	7396
8869	2459
788	3740
1009	4418
3430	2121
7232	9979
5221	4466
5301	9975
827	6058
8994	9128
7353	9334
3879	4422
5119	3799
529	6919
330	6915
7774	3885
9807	2922
4707	8421
2253	4186
6776	4698
6416	3352
6717	1083
4980	9695
2461	6986
5803	3022
5076	6123
2076	1523
127	9946
9524	3552
7592	7496
3353	260
8864	5562
3340	9862
6266	8690
4194	4631
9789	9951
8219	5509
9195	3323
738	2589
2748	6609
7216	6972
799	1192
655	4949
987	8746
7557	2496
1204	7311
1547	9016
3647	3223
1489	7911
7408	7771
3859	1035
4092	851
5126	3789
4644	7004
853	6672
1051	8087
7835	6658
380	4099
7186	768
1062	9660
8689	1921
760	8954
1724	2344
9083	163
3037	4490
6951	3971
2399	1173
1166	5061
2018	5258
418	362
9965	3440
9749	5739
4851	664
5070	5489
6926	810
2645	5984
5011	893
8127	5116
4650	837
1842	5155
3956	3655
50	6320
890	5539
1258	4881
7093	3416
7571	8589
6456	1922
5953	4363
2283	1689
5631	1019
8496	6112
3324	1584
4545	8502
5979	9208
8793	7270
3783	5551
7203	4217
9847	6869
363	5038
8171	1128
186	5359
9121	6539
7525	2079
1090	1904
6232	6370
6662	6638
2328	3985
3913	37
3735	5371
1678	5913
4254	3168
9849	8568
266	8162
8495	8719
9108	3274
2661	3045
3249	7267
9573	9716
4882	17
6979	4602
7202	9936
9393	1205
9258	6695
1508	3661
8874	2338
6847	1871
5298	1545
95	1490
6698	7819
4305	1691
4634	4149
9605	6300
1651	1778
587	5209
9635	329
1751	8535
7818	1621
1727	3710
8335	4930
9795	993
2605	8656
7288	7200
4265	3664
2616	1269
7433	5400
5795	5817
6566	3812
5855	5379
4485	9019
4221	675
3185	4058
9321	6760
1538	175
4346	998
1527	217
6170	1248
6912	1116
1609	3803
1999	8125
3357	1006
6446	9093
627	7290
5603	1378
7829	5937
7778	6570
2308	8884
8967	9461
5703	2561
8697	109
4720	184
1406	9790
9029	1835
3891	1767
2606	1366
9456	751
5062	7074
2932	6597
39	4511
3605	539
8063	4249
7790	9023
9498	3222
6133	8252
8443	8320
5832	4112
6176	6184
6061	8092
6146	1110
6996	3170
868	3979
6777	6862
9511	8365
9649	2769
5999	1601
3433	5484
5323	6343
8556	6188
9745	2953
6592	9686
6975	6694
5726	8743
2691	4890
8310	1670
4183	7645
2361	5179
9110	3240
981	6323
9984	6180
3015	2971
950	8860
8480	1442
9555	3188
67	7147
8534	5625
2812	7182
3644	806
7227	2443
1096	2373
7597	7235
385	4509
3829	9014
765	1225
3334	6233
9399	8237
5115	4606
878	7631
9505	3013
5369	3927
5439	1379
8377	6816
7533	2359
6514	1577
4175	3686
2502	2570
3078	615
7026	4431
9057	2481
1809	3986
7128	18
4185	6752
2088	1137
3105	9243
8609	3429
6552	5870
870	3292
2039	6362
4777	2942
244	6000
8493	392
7640	9160
4559	7805
1275	7605
4814	4159
5485	1007
7921	1138
6215	9566
2130	4660
2987	6766
3198	1462
7080	4673
2692	3685
8360	445
1506	3450
136	8747
3817	9320
4297	6338
4128	1428
5899	9915
2268	9075
4443	5637
3563	348
3447	6701
7663	3272
3300	9264
8256	2916
2321	2862
7330	4145
6487	3614
1761	361
5890	9729
2410	7169
4999	5690
9070	2411
1089	6523
5392	6655
1526	1203
438	9370
2620	2586
5244	807
4446	5762
5313	4340
8794	9115
9175	2208
425	6288
7580	6821
4534	2967
3530	2034
9067	9746
1712	6072
9417	1190
1104	3802
2477	5530
2813	6995
3241	8536
9395	1015
6768	7403
9076	2959
3509	7855
5030	2230
2365	6960
6544	3830
5073	8215
4238	1654
8706	4337
2488	5045
8937	4127
8736	9326
5687	8080
7792	9706
2718	6402
4116	179
5430	3325
2525	294
6209	4151
3424	7636
3169	2964
3079	5254
2236	3730
3331	8787
462	1365
5743	2513
8221	8683
9836	9322
1821	4926
7112	936
6556	181
9682	368
4812	1557
7762	2949
8847	6129
2109	7745
965	3732
8410	8472
152	5753
2775	2292
3042	5410
3407	9064
36	2422
3339	8484
9953	6496
5232	6056
5079	6150
990	6087
5612	9825
3567	1157
9522	5926
6620	4195
2115	7013
8780	8483
8173	3945
5398	3456
1017	1359
5255	6852
1580	7963
5977	1799
2686	914
308	7872
3239	8600
1191	1674
9190	5096
6374	5681
7705	6840
2071	2085
4993	1500
20	5185
7406	1099
7173	2785
4308	7075
8476	4247
5811	2176
4942	8273
7717	8870
5229	6242
5894	6318
8553	2209
4062	2055
5387	9940
7897	3093
2796	5365
7449	9099
3800	5902
6134	625
4143	7935
4076	6872
209	2800
4708	278
7507	2913
3987	6715
6759	3666
3338	1883
3808	7923
6105	119
9433	9274
7588	350
3030	5886
4990	1081
2252	8025
5153	9369
943	1816
264	6457
4455	2228
9633	5027
5452	3
8510	1532
1182	3267
4607	8738
3481	5266
5152	1794
568	311
4343	8002
7292	3177
6985	7272